-64 -21 -13 -46 -69 67 -49 41 21 30 -27 40 -94 71 -51 -25 -87 66 73 -9 -41 23 21 79 54 18 60 -54 83 -39 -2 91 -99 -97 92 -37 -21 -11 34 -20 -95 58 80 17 68 -37 -12 21 16 -20
-46 -34 97 22 2 -31 14 -66 77 -57 -45 -19 -40 63 83 15 4 -55 87 -64 86 35 -20 75 -91 60 -5 -37 -13 -5 -78 -86 -48 15 -81 -73 -51 22 62 -50 -79 -21 -11 -15 -38 -23 -97 -38 37 -59
-16 85 -68 -60 -11 9 75 -40 -97 -6 -13 -14 91 94 15 -58 37 -71 -24 93 -57 99 9 7 86 15 91 -43 17 73 -71 9 18 17 -28 48 -45 -37 -83 32 -80 -67 51 83 -43 -2 -37 -61 -23 12
-34 -26 -2 -28 -95 74 -25 23 87 -74 -35 -61 -11 -1 79 70 66 67 72 35 -90 -93 10 3 94 -66 -70 71 -62 -37 -85 7 -16 7 -36 -10 26 20 86 34 -98 97 84 -5 90 -84 41 -86 98 42
-78 92 35 -46 -29 69 -83 21 -42 -18 -19 -4 -66 16 56 -43 -72 -21 -94 -20 37 34 14 80 77 -46 -19 -5 -96 -20 -13 -71 54 -34 6 -6 -83 -53 -39 -92 -75 -86 63 65 -16 -66 -24 -71 50 46
-3 -12 63 15 -49 -67 85 73 -56 77 42 3 42 -21 22 -6 -43 71 94 37 -41 -80 45 -17 3 39 92 -39 -87 12 59 -25 -40 -68 78 13 97 47 -54 99 -29 -60 1 -78 71 97 -18 33 -22 83
12 -62 -34 31 96 35 19 -78 -40 -52 -66 4 -96 77 58 -76 -30 43 83 -83 71 74 -49 48 61 -26 96 -70 -7 -7 56 -84 -57 62 96 -96 -95 -82 -99 67 -4 -97 -71 -49 64 -86 47 32 38 15
-35 -67 -85 1 80 -49 -88 0 -25 78 37 87 -40 -28 -31 93 -74 54 51 55 -34 2 -59 39 -12 20 26 -29 -6 14 31 54 -86 59 60 97 -85 -6 -34 -15 -16 -67 -54 2 -43 -64 24 69 6 -32
85 -42 89 58 -14 37 -10 -75 8 -21 84 -98 43 -37 0 60 -8 67 -32 82 50 -58 28 5 21 -6 -31 -99 7 -94 12 35 79 82 0 -37 -75 66 24 -23 -53 34 63 18 -23 60 -27 -82 -8 61
10 -48 54 63 -8 -13 -37 -30 -22 55 -54 -38 -63 2 99 15 -56 -18 30 -62 -86 20 64 58 87 -3 -61 10 10 -27 -55 -40 -63 -46 -84 74 -78 68 14 -16 88 1 -68 76 -26 65 26 -96 78 77
-15 64 7 85 -23 71 43 -87 -36 96 55 -41 58 3 -87 20 22 -38 74 -57 90 -81 84 43 -52 69 8 80 -52 21 -47 72 -57 94 62 -20 58 2 36 -16 69 33 -99 -30 74 -7 72 -12 -88 98
7 -28 -5 57 86 -76 89 -70 4 37 -68 -62 -15 -24 43 -41 -58 5 -15 51 -68 69 -73 -23 -26 38 61 54 -66 74 -14 34 -27 -17 -39 -37 33 32 26 -82 -29 -80 -40 55 84 9 8 -42 -21 88
-59 58 61 -31 3 -75 -64 73 47 -52 10 -79 -9 -11 -72 -20 60 -36 74 -88 39 71 80 74 87 -43 -3 69 4 -63 67 55 12 -57 19 -18 -35 -82 59 37 -79 -33 -69 73 50 88 45 34 -92 -27
-41 -59 68 48 -39 24 -77 97 -18 -42 23 96 -18 -1 -8 -20 52 4 -65 24 69 98 92 -74 93 -3 -95 -29 38 23 13 62 -14 62 14 -10 56 74 -31 -97 -98 30 50 -99 41 91 95 45 88 22
-13 -34 4 4 -33 -33 -62 4 -52 60 -70 -4 41 97 43 -72 3 2 -10 75 -49 -36 31 -55 13 93 -2 15 80 83 -34 64 -40 -67 -79 89 68 77 17 -50 -74 89 -58 59 15 -17 12 11 91 -12
-71 18 -69 52 93 85 -68 55 13 -28 80 55 70 21 9 -60 -97 33 -84 -3 -75 -31 44 91 -84 30 -76 50 58 33 -36 86 70 21 73 80 61 -66 -31 -12 85 -86 -26 2 -93 93 -15 -30 9 -90
8 -41 -54 78 -58 39 4 -23 50 -45 29 28 -54 -79 98 56 7 80 -46 -27 3 -27 7 10 -23 61 -25 72 33 67 -28 -72 -94 -18 -93 -12 -5 -68 -43 -85 -78 33 17 67 -40 -54 98 82 21 70
-56 -10 -10 25 35 36 -26 -8 -50 8 -28 19 -3 50 -41 99 91 75 48 0 48 70 70 -89 -99 98 -62 -24 -32 -24 74 -15 84 -72 68 -56 10 85 2 -35 -79 19 -16 37 -51 62 -48 67 25 66
62 -26 48 10 -91 61 -54 97 20 53 88 -27 84 -10 64 48 12 -12 70 68 22 -38 36 71 -66 29 86 -86 -74 59 38 60 0 -23 -66 -93 -27 -54 20 -3 63 -16 61 -12 44 -76 17 -70 -60 -36
-79 42 -75 3 -57 -87 40 83 41 91 -55 45 -50 -30 71 -21 22 90 53 -89 20 -53 20 -70 -56 68 -84 -62 -75 37 32 84 -24 -99 -3 -39 -10 82 -36 18 98 3 92 -33 57 -39 20 25 -78 44
-42 48 93 6 -58 48 -21 -35 22 5 18 79 -62 28 82 31 -2 81 -74 28 -98 44 -35 18 -3 30 1 44 55 91 78 66 74 -39 39 -69 -76 -79 -57 67 -94 -9 -23 -55 -13 -1 -71 -39 -18 -97
91 58 86 75 49 68 82 61 4 -74 -21 -94 -10 -17 46 -65 79 29 -71 11 68 40 -45 87 29 87 22 89 -90 20 -96 96 81 -8 17 -26 44 8 98 -93 -84 46 -64 68 -76 0 60 -73 95 -74
83 -16 -44 90 -74 80 86 -85 -30 -58 12 72 45 -70 73 1 -98 0 5 -37 -71 70 3 84 16 9 68 -52 -16 12 95 34 14 -72 -4 -38 79 -99 -18 14 78 -53 -44 -39 -61 -8 -23 -18 -15 -39
-6 94 69 -32 -3 17 24 -42 7 -4 -66 72 73 43 -10 -98 -73 -51 5 32 -92 5 68 -85 48 14 -28 62 -22 39 18 74 -19 -6 -18 43 74 80 -70 28 20 -77 -25 -81 0 73 25 -23 99 -94
-35 -64 14 -29 -6 -93 99 -78 -39 71 6 -40 86 77 22 10 62 -8 -75 -72 85 -42 -41 93 72 -29 -72 35 -21 72 62 93 98 -82 52 12 17 42 83 51 49 -33 -69 -40 70 98 88 -22 -38 -9
-71 -21 -99 -62 -89 42 -50 5 -21 -67 -8 97 62 23 -79 -43 21 42 -81 62 -56 -6 -77 -33 83 -89 -88 -82 1 -17 -29 44 -45 -78 60 47 -21 -39 -37 -81 -57 61 -97 -95 55 52 65 82 -63 -55
-83 -87 -33 -78 -7 -65 92 35 39 59 85 -34 -64 -15 -62 40 -56 -85 -51 77 -75 -98 7 -25 -24 46 -51 49 -79 32 -35 39 91 -71 -71 -45 -96 19 79 81 -59 0 -7 45 -66 49 -25 -79 59 41
-7 -19 -40 95 17 -10 -75 -66 -38 -80 17 9 28 8 -43 -45 -90 -83 43 -61 -65 -70 -97 13 33 73 15 74 86 50 -65 84 -48 -38 -71 36 18 17 -85 23 -50 82 -46 85 84 -48 58 72 41 -42
-86 23 3 73 32 -4 -34 -23 -54 -69 -22 7 14 -49 83 57 26 52 11 -3 -48 78 -7 42 74 -20 -86 82 58 -89 84 -53 65 6 -21 84 -55 -4 -85 -38 -46 -48 -97 43 -81 -78 -12 19 64 13
-65 21 32 63 -53 -85 -17 79 36 -28 -37 86 17 -56 -71 -48 92 13 89 -28 -94 6 3 41 95 -15 92 -71 -11 25 84 89 -58 83 -53 -77 -16 -28 48 -91 78 62 -5 -39 55 -70 -51 83 -89 42
-73 -7 -21 87 -89 15 58 6 -41 -38 -31 85 1 -74 -73 82 -30 90 -12 -45 -67 -9 38 58 22 -78 77 -17 -49 -8 73 -54 76 -82 41 -89 -65 47 -45 -34 -25 -79 71 -5 -29 -44 -98 41 27 -25
-98 38 -46 -30 75 35 -26 -24 46 33 28 61 -49 26 74 7 -45 43 75 -3 -28 62 -2 -87 91 35 1 -28 -62 94 96 59 -20 -8 -47 -38 -21 -99 -62 -72 23 3 -34 -47 -19 3 -47 66 -30 33
37 18 -80 82 -28 1 -75 -92 -56 -68 64 -2 67 -27 28 4 -26 56 -61 94 -6 62 37 39 91 -54 85 58 74 4 -95 -45 -37 3 10 -17 -86 -64 68 -77 -17 -77 -4 99 -41 -99 93 20 58 96
-20 32 71 -45 78 -39 33 81 88 6 53 -18 -83 76 -37 91 -42 -90 -27 -13 -48 -93 -19 37 27 -69 63 12 -78 -98 -2 -21 11 87 -82 57 25 -25 68 17 -15 -12 -70 11 82 -53 27 -13 -40 56
-49 -52 95 60 29 -94 96 -18 99 11 -7 -61 77 -34 -13 94 51 36 -92 68 -87 -64 85 50 1 2 56 -76 -33 58 -52 -65 30 71 66 -59 -56 89 43 -43 14 -30 0 57 -83 -46 -37 73 71 99
-65 60 -71 -73 76 -93 3 96 -65 60 -50 -8 95 37 43 -43 -55 -52 25 -51 58 -54 17 -33 -89 76 72 -36 -44 82 2 -31 43 -34 33 4 37 51 -97 -71 95 19 14 83 -54 13 -63 26 -71 41
73 25 -21 80 -65 78 21 -6 21 -54 60 -35 -39 -28 37 5 53 45 36 32 -34 -33 64 -32 -63 73 50 45 -76 -34 -65 -11 68 -68 53 31 -86 -75 69 95 51 -49 -50 -11 -40 47 -91 -44 -42 54
-96 -56 -79 80 86 50 -60 4 -12 -39 -46 32 -61 -91 80 -13 28 83 12 -91 23 -26 94 22 -32 77 -89 12 -80 -40 -8 -40 19 58 9 74 -60 39 15 22 41 -57 2 -86 82 27 59 72 -95 18
57 36 20 55 38 14 25 -77 73 68 -79 3 -63 53 60 91 -42 96 23 -16 80 -54 -20 -73 14 69 66 -95 -33 -43 19 -92 -27 35 54 17 4 12 -49 81 11 34 45 -19 7 81 -30 13 -50 -94
-67 11 -74 -14 12 41 -33 43 11 -22 32 -84 -94 86 50 -69 42 42 64 20 61 -6 -65 3 98 83 -64 65 -67 5 91 -35 -12 72 45 -75 43 85 -68 -24 15 61 59 45 -86 9 -73 73 -50 63
85 10 -1 -54 45 22 -18 -96 8 -30 -5 36 42 -73 73 79 73 60 82 -85 -2 -30 -50 5 51 -80 83 -16 23 -40 67 92 -32 -51 -15 97 -91 91 38 39 7 -78 -83 26 -24 -82 -47 -30 63 -75
-74 -71 -28 0 68 -40 -91 -87 99 -20 -27 -9 -11 -25 -44 80 58 93 69 20 98 66 -11 40 -67 43 69 -38 4 79 -41 -83 90 55 40 -20 76 -12 87 -7 -64 35 -22 30 -44 71 -64 -2 -43 10
-48 -3 -51 78 -81 7 36 90 86 -15 -75 2 -77 -47 79 16 -2 43 63 -34 96 -27 -19 5 -15 -71 -92 35 41 -87 58 -35 2 -22 78 9 -17 76 -58 -33 79 -3 19 33 95 94 -90 14 -88 6
-49 -4 29 -55 -12 -34 -15 48 -84 -20 -92 73 39 76 47 -63 87 5 96 23 -66 67 71 61 21 52 -69 -27 -23 41 -18 54 54 78 49 -94 -50 0 84 40 91 -48 61 5 -31 -91 59 -27 -91 -86
11 67 -16 51 71 52 96 98 35 -78 23 11 -92 58 -42 71 -42 -39 -82 -22 -60 -32 14 -59 -68 24 58 -93 -96 45 -7 5 -14 -94 -74 62 2 5 25 9 39 -34 22 -84 49 86 22 -80 -19 50
-48 -62 87 -72 -20 95 22 -92 71 -42 -40 -69 41 79 -55 11 84 83 -26 -38 -87 55 26 81 -30 14 -35 -52 -94 91 31 -37 -28 -55 68 79 -71 -87 73 -90 -95 -69 -4 -97 47 66 86 -41 38 96
88 8 -17 -32 44 58 97 -17 -47 96 40 -79 -65 -35 -48 83 -88 -91 65 -18 -49 -57 -49 63 -4 79 83 81 36 -85 48 45 -21 45 -76 -97 -60 -31 -26 85 -3 25 -30 -12 -29 3 63 -9 96 -29
95 40 5 -80 15 38 -16 -5 68 47 25 -27 -21 -26 -34 34 -84 -9 -47 -26 -47 -48 -49 57 -13 73 22 8 -65 -78 -94 51 -47 51 -71 -21 10 -33 6 57 -61 57 71 -47 -79 80 73 13 -83 -93
-56 -88 -66 42 -45 91 -34 12 -68 84 66 78 -16 67 -56 92 67 22 37 91 68 84 68 37 -96 27 14 30 89 95 -1 53 -69 -67 -63 78 -68 -64 -9 77 -42 -15 -10 7 2 -91 46 91 -93 -10
-80 38 62 -81 -78 -38 1 -6 98 -58 -34 -83 48 -14 5 -77 -59 81 67 -50 58 -61 76 55 -19 9 -25 77 39 -39 -67 -60 92 -45 53 37 11 -59 93 -77 -10 65 41 -27 -82 -80 82 80 59 -85
