-82 51 -93 -90 97 17 -96 -46 -14 8 88 16 -72 -65 74 97 28 15 -35 37 -66 26 80 65 61 -23 -53 -14 32 31 -56 -43 -14 -70 -23 3 -11 -66 -43 -71
51 94 76 84 39 -98 96 -80 65 -97 62 -24 38 -33 -14 44 57 99 25 -39 -70 75 -14 -85 -54 -4 -75 -86 58 -40 -42 -93 10 -29 93 -2 -18 94 23 -95
-74 26 -45 86 -50 69 12 98 29 53 -74 -79 23 -79 72 -70 -72 54 66 59 37 -32 -51 83 -23 -31 -40 18 72 17 26 65 59 -58 -25 56 -47 -68 -58 22
-54 -72 -49 -51 -62 5 19 -29 54 -5 -54 -31 -11 9 68 53 -32 -8 85 -75 -58 -45 -20 -22 -78 8 36 16 35 -36 -62 -67 82 40 12 0 -14 -81 66 -46
74 -12 36 -7 50 14 -94 -25 -37 -78 -33 -17 -63 -75 -24 -1 44 -87 80 70 -51 -36 11 28 35 68 32 -88 -93 -61 75 -8 6 96 -13 14 67 67 42 -15
-82 80 48 9 97 -14 -37 -41 5 95 -86 35 -87 79 62 -1 -98 10 -33 68 -61 54 -69 86 -6 -53 90 -44 0 -58 13 -30 24 37 -20 -88 40 -32 47 60
38 -75 -94 -33 70 31 -68 -62 30 5 -34 15 60 78 -26 -4 -93 53 93 13 30 18 -44 2 46 -96 16 23 -62 71 36 13 -75 -39 -99 51 -50 -32 97 -75
38 -64 -7 78 98 -62 87 93 -87 34 47 14 -76 28 39 -49 -14 -60 -86 -66 22 -89 95 19 59 -47 83 -47 34 78 73 -18 -47 -77 38 -94 65 -32 -67 -79
49 98 64 -67 -84 -82 -90 43 91 -91 -86 -34 -12 -5 27 44 -60 -16 21 2 45 -16 84 -67 19 -61 94 -47 35 52 76 87 -67 -96 88 -53 82 -62 90 -41
34 65 45 -7 45 -86 70 10 66 -15 -68 69 46 94 4 16 2 45 59 80 97 76 51 90 -16 52 4 0 99 -37 65 55 -65 -87 79 -39 -22 10 33 57
83 75 -54 88 15 35 34 31 -88 9 80 14 -8 73 -32 95 50 -3 79 77 -8 11 -74 15 -99 3 -47 -7 72 -83 36 -78 30 57 26 70 -16 -40 11 -17
-36 77 -6 51 25 82 11 74 -57 41 -30 57 -25 -61 -79 8 -81 1 -50 43 -39 -81 -39 27 23 52 31 -84 86 -34 -45 32 75 -48 -38 26 -96 -19 94 -69
72 -52 19 -17 -61 -77 43 -7 -60 -50 -1 -24 -3 68 44 -25 -57 -89 93 -43 -64 -78 14 83 -11 75 -47 84 -45 57 81 -65 88 25 90 10 34 58 -5 89
46 62 -68 -57 61 -17 62 70 33 94 86 -48 13 -98 41 -73 23 -7 -87 52 -12 -63 73 -94 -89 28 -76 50 50 -84 62 -50 51 -99 -83 -63 -47 -56 18 -26
-20 -50 -59 28 26 22 -57 -27 49 2 -10 48 -51 77 -70 49 31 -2 14 -2 -21 -83 -7 90 -69 42 2 90 -81 -88 13 52 -31 -83 90 -51 -48 68 28 -63
-28 23 92 -99 -96 1 -30 80 -44 21 16 27 -50 -48 3 47 32 90 -9 -13 -15 -36 52 -49 -86 -13 5 87 79 72 -24 73 -31 52 21 20 -51 55 -68 -83
51 80 -90 23 -40 42 -82 -13 -39 20 78 -75 4 -57 -20 -18 -62 97 0 -45 -17 -96 -7 -67 91 -50 -23 -93 -53 39 59 87 -9 2 63 -22 -19 12 -90 -17
10 -23 -12 18 14 73 4 75 47 39 33 45 -60 84 2 30 24 -73 -86 -19 -80 58 96 8 -64 -94 78 -39 -59 90 97 54 -14 -4 -94 -81 -18 -56 -19 22
90 35 15 94 -23 -14 -3 41 -38 -74 78 -38 -62 19 -59 -66 44 -59 56 8 -11 -17 25 85 70 21 -80 -8 91 98 22 56 29 -10 25 57 -90 -14 -49 9
55 5 -69 94 97 -5 -56 20 75 -64 -54 -97 43 -14 22 74 -2 -25 94 -99 23 17 -87 72 28 -54 37 32 -26 -15 -91 16 -16 -49 7 6 -72 89 -71 40
68 48 30 5 42 -86 77 99 42 16 51 28 -14 82 10 2 -56 -65 -45 64 11 44 17 67 -94 95 -64 -42 -72 -22 -79 -2 -28 34 -80 20 51 -28 99 -96
48 0 -11 63 -53 32 4 -92 -27 -13 -74 -47 -48 -69 31 -95 20 -53 -99 80 -27 -57 74 -87 -76 -48 17 -88 72 -39 -43 65 -15 37 -23 -30 76 -42 56 -1
-19 -24 -27 -51 22 11 76 -8 39 -41 -5 -24 51 -37 78 35 -96 38 78 58 66 -31 28 19 35 -30 -48 -28 9 17 64 -19 -97 -19 -47 89 -8 -12 70 61
38 81 -41 20 98 57 -80 -88 -42 51 -60 38 -72 51 -62 -42 31 -63 54 -74 5 39 -10 -75 26 14 32 -36 -93 98 81 22 -9 -71 3 63 79 -90 -26 -68
-97 -87 98 -81 6 64 -59 -50 -21 -64 30 70 -31 -56 94 -7 -56 -56 48 -49 79 -48 -2 -16 -2 -17 -99 26 -31 -88 10 -92 -52 2 -66 11 49 76 -96 5
35 -63 -93 0 48 1 55 17 57 47 80 10 -71 -8 34 -95 23 53 88 69 53 -40 19 53 -34 62 -49 -9 59 -67 -13 30 53 44 -62 27 -73 -99 -77 -21
35 99 60 -67 -40 90 -80 2 -71 56 67 -28 68 58 -4 -88 56 56 21 -89 80 -38 46 -63 7 -6 98 18 -72 -90 -60 57 61 -30 84 -15 79 -72 -91 -7
-95 31 -91 -14 94 48 52 47 10 -95 52 89 55 -4 95 29 -70 37 -36 39 -20 11 -33 74 -25 -87 -26 85 70 -19 59 33 -2 -92 -5 24 67 25 99 57
-12 42 61 41 72 -78 -85 35 -67 -94 -74 -75 -94 -25 -43 -30 26 71 -92 -79 -91 86 -34 -27 74 64 -42 -86 36 -17 -48 57 62 -4 30 41 89 -43 9 -76
-76 35 -25 10 91 -81 -57 88 -51 -14 26 8 -46 -12 78 -57 -12 -48 -13 -50 6 -84 -41 -10 60 -65 82 32 57 -84 7 6 24 48 -95 71 -28 14 20 9
-22 -51 73 -80 0 53 -12 51 13 39 -28 -84 31 34 -61 -15 -58 8 64 45 55 37 -76 -29 -2 53 -73 4 74 47 -17 -84 -56 85 -38 37 72 42 -40 -73
37 -56 -66 85 -23 7 -27 72 83 56 -19 -13 49 -30 -97 84 46 -27 -3 -87 27 -58 -18 74 82 -52 46 -56 43 58 -49 -71 -72 45 -49 18 -91 -42 -86 31
77 -59 -91 -5 -5 -81 25 -29 -93 8 -8 7 -35 -93 20 53 85 54 -63 -92 53 51 -41 6 -49 66 69 -66 41 -17 -88 -5 75 20 73 76 -39 92 -88 66
55 -9 -7 -50 79 43 61 -64 10 -7 -11 98 -24 -71 -3 -43 1 13 -56 -38 -59 46 -15 -15 77 90 69 95 -90 81 -55 -72 1 95 -62 39 -15 6 47 -30
50 43 -29 -3 56 -9 9 37 0 -31 -27 61 -8 -35 -28 -32 37 -79 28 -39 24 50 -8 -55 59 34 -27 -54 -42 31 49 -15 2 -94 -79 -75 -30 44 36 -40
99 -90 81 31 90 -47 -15 -61 -37 -98 -94 7 -81 -19 -50 -47 -96 22 -21 44 -56 4 -35 9 63 69 -87 75 95 -45 -9 33 82 61 -40 70 -38 56 80 -17
-24 -29 -41 2 -29 -60 -79 -37 -52 3 -26 15 11 18 -2 6 43 24 -64 4 -50 19 -97 65 -63 64 56 87 -68 -19 -62 14 41 79 17 -57 35 7 -88 50
-18 -14 -90 -54 -71 95 8 -42 29 67 53 25 43 -68 -30 -43 -97 69 -97 -96 83 65 76 -91 60 17 21 70 2 88 76 -40 33 -55 22 -70 -81 91 93 -93
-52 -79 -10 -3 77 45 -69 -27 -13 1 -12 41 -44 -45 20 -35 17 -79 -83 -23 26 97 83 -41 -24 -31 -79 -48 -64 96 82 -85 94 -99 -86 15 72 -7 1 -52
-37 -97 26 78 32 40 -58 -54 -85 -69 -10 86 60 59 -79 20 -59 -11 -73 92 7 85 95 6 -78 -57 -61 22 -89 -38 -87 54 18 -80 9 -58 98 -57 65 78
