46 80 39 96 11 -38 -2 36 73 -65 -41 -9 -43 82 91 -2 -41 33 34 -5 34 75 83 -5 98 -6 -43 39 -99 -10 -99 -54 7 -4 -26 72 -29 5 -73 -9 36 90 -28 -91 58 53 49 93 10 -11 -18 -16 66 51 17 -83 -15 -51 -33 75 5 22 90 -92 -62 -60 1 -97 17 -35 66 -49 29 -16 10 54 75 34 7 -4 -94 -50 -14 72 -35 12 99 66 -31 -25 -16 63 32 -90 -90 -27 25 -15 -93 -52
-76 28 53 58 -62 -9 47 7 70 35 -25 -8 13 21 -43 -73 -93 -43 -80 25 -92 -52 42 -12 -58 -29 -59 -81 27 -86 49 8 39 40 -28 61 85 5 -81 40 55 47 14 -14 73 -75 50 -9 55 -5 5 19 -50 14 -75 -68 -92 96 55 82 19 -35 -76 91 9 -33 80 2 -65 -59 77 -97 -79 -27 -85 -40 9 -77 -66 36 3 66 -14 -61 6 91 12 12 23 2 47 67 11 61 -34 88 30 30 -98 70
-40 -29 -41 -92 85 -45 -76 53 -25 -83 -2 42 98 34 -53 -47 27 36 54 -74 77 -66 -19 -30 -56 -85 9 -18 41 26 -77 -96 -97 59 -6 -60 -72 46 40 97 87 72 -77 45 65 -9 -50 6 -66 -28 -71 84 -37 95 -25 76 -16 57 -14 84 -25 49 36 -13 -87 71 98 -38 18 -21 58 64 65 13 78 -97 -51 34 -75 -3 21 -54 43 -70 -62 -85 89 -86 20 77 71 39 -71 69 90 81 -43 -7 93 39
37 11 -62 98 14 26 -89 68 -7 99 53 75 49 -93 40 -27 88 -43 -32 32 52 -17 63 -98 -52 -23 42 -10 -40 -43 -25 -96 66 -40 47 61 -84 33 -35 19 -2 27 69 72 25 97 96 -7 -37 6 22 76 28 -50 -32 -97 28 65 -26 36 -49 -84 -85 76 8 -13 41 -52 -62 -19 69 90 -32 -23 -58 84 25 5 21 45 22 30 -9 74 67 -15 -30 85 42 97 4 88 -87 7 10 88 -43 -36 -34 39
55 -56 94 -58 -2 -30 -20 90 -64 63 6 -37 23 -61 43 69 46 -3 -33 -53 -49 96 50 86 0 69 94 -7 33 46 -96 -73 61 27 5 27 -52 96 26 -86 -13 76 1 83 28 -81 -47 40 -32 -64 -85 -29 67 2 45 -78 93 81 81 83 -14 22 -39 -42 79 39 -64 -45 84 43 -31 -96 -7 80 9 12 -13 -72 83 -36 91 85 -24 -51 -49 -33 96 -98 -21 9 59 12 14 -66 -18 -91 92 77 -58 -58
51 53 -5 84 54 6 -33 -64 -57 -42 12 5 -67 48 75 -71 82 -30 75 7 -10 -4 89 47 19 -96 77 22 74 69 49 68 11 -56 99 83 5 -51 -71 -45 -60 49 -80 -90 28 26 -77 43 6 -49 -11 14 63 -35 80 -48 48 -45 83 79 0 97 -18 -55 -76 29 40 2 -61 -3 -16 -19 2 39 -22 66 23 -16 -28 24 63 -25 68 -8 64 -87 97 25 26 74 90 32 40 76 44 69 -11 99 -23 7
81 36 65 25 -59 -69 -25 3 47 -27 -44 30 68 66 -62 64 -75 73 16 53 -23 -79 34 37 64 -82 5 64 37 -94 -78 59 -32 -36 13 29 -24 -93 39 30 53 54 86 -43 60 -16 -20 4 -9 -69 -86 21 71 -91 31 -99 -23 41 47 -91 -16 -67 50 20 -24 19 -69 -47 75 7 -86 7 61 12 -15 -28 -68 -68 -32 -46 9 52 24 -49 0 -20 -74 64 -71 52 -1 -85 -76 -60 -49 -23 37 42 -78 7
-26 36 31 -67 -14 42 -8 81 34 47 63 -50 69 -18 -84 11 86 -52 -18 42 -82 47 -55 66 -11 42 82 -76 31 50 85 54 -43 -40 32 37 -80 -78 49 -28 74 -33 -48 75 -28 -89 -45 -14 74 -82 -13 -30 -63 -69 -59 -50 -25 49 -72 -23 -75 -5 -46 27 89 86 54 62 22 57 -17 -76 -62 58 -51 67 -88 77 -22 68 -36 38 71 -82 -92 -81 35 -48 -87 -60 63 -4 86 -87 -68 58 88 90 -63 -95
24 -1 -30 7 49 -37 60 36 -91 -53 63 -98 66 -24 37 -87 -54 -18 -45 -97 -56 12 39 24 -16 59 80 -51 90 41 -17 -16 62 43 95 -13 81 76 -70 -83 89 -50 -39 32 56 -59 -84 30 6 -26 47 -53 66 47 17 -56 71 -99 -81 -41 -11 31 89 -83 -53 -99 -41 70 -69 72 -96 -61 -44 83 -23 63 -73 4 10 -96 3 -51 -80 -33 -93 78 18 37 19 96 48 -62 -5 -31 86 -60 -97 89 -35 15
-19 -13 4 20 53 44 73 9 -6 -88 -26 -3 -62 63 86 -26 1 27 -97 39 49 -39 48 77 80 20 -69 -17 56 66 67 15 -13 -91 46 43 94 50 -11 85 -71 -59 -64 -80 -34 -43 -63 -16 -34 -74 12 -10 64 -52 -30 -91 88 -28 0 -67 -23 67 -28 44 -78 54 -70 64 -66 -40 42 -26 4 1 -68 36 97 -3 99 83 44 -67 -11 26 -93 79 -10 -23 81 -37 -21 24 81 -46 10 37 34 -37 -28 -33
88 -54 -30 -50 -61 62 68 89 6 -98 -94 -46 73 -12 -72 -46 12 -10 21 -77 28 75 2 35 -25 70 39 -58 80 25 -5 39 -27 -11 -81 15 -72 -62 -3 -90 81 34 18 0 82 -41 76 -46 -28 18 -7 77 65 -70 -18 97 -34 14 -19 -30 19 -22 52 -8 -7 38 -38 16 -91 56 47 -21 37 -21 -73 -33 -84 80 -30 97 37 -13 -93 -74 20 -24 -69 2 67 -11 -94 41 60 -35 -51 -87 21 35 4 69
-86 54 -11 9 -4 -70 -91 71 30 -93 36 18 -73 63 -28 90 80 18 -31 33 10 -91 -27 -54 17 4 -59 -65 -9 44 16 -16 -89 -43 38 87 92 44 -6 98 -47 -97 -78 -40 -27 71 -13 -97 -46 94 -95 -94 -10 35 15 -7 9 55 36 -85 71 -31 -28 -13 -32 80 -10 -13 24 -82 21 5 -18 -43 -5 -91 -96 -43 -33 70 98 -38 79 70 -30 23 76 49 58 4 23 -48 -64 -52 -99 73 -72 94 60 43
35 -15 80 -79 -69 -6 -62 -78 60 -44 -68 -26 -89 75 -45 42 -65 30 94 -36 -51 -83 92 -85 -13 19 -86 -29 11 90 93 24 93 19 -91 99 -7 92 -64 -26 80 -37 -82 -27 3 58 -69 48 -86 64 83 -15 -20 -47 -3 93 -33 -3 -53 -25 55 50 -19 -36 -6 44 -15 76 -83 49 54 -81 -1 21 -43 31 40 2 71 56 68 -89 -93 67 77 46 25 -64 -15 -53 85 84 -71 25 70 34 -7 -38 -20 90
15 -43 62 29 -47 92 -62 55 -91 -54 -1 85 96 54 97 35 76 -8 2 19 92 94 -17 -57 30 15 -96 -40 68 50 41 75 -60 -15 70 76 46 59 -2 -1 62 -5 -84 12 94 -28 4 55 -63 -82 11 17 24 13 -40 -26 -61 45 17 39 -82 -91 -43 71 -91 -36 6 15 33 -20 -92 -41 4 57 -60 69 20 -76 -46 31 87 -48 96 41 88 58 -67 -15 -92 -73 79 -33 14 -97 55 -22 27 15 66 -24
98 -24 -22 94 20 -57 72 -91 43 78 -91 -69 -20 39 -79 -45 -12 60 -74 -4 8 -9 2 -55 20 48 56 -1 49 73 16 -50 -33 38 32 59 0 11 76 -10 79 -29 -21 24 19 -73 -52 84 21 -88 -33 15 -29 -17 -3 1 26 -3 -27 -75 -17 -48 -45 18 -50 68 -61 -77 -80 7 -22 44 30 -38 70 55 8 -47 24 -29 -55 42 77 -72 99 -61 86 7 -14 43 94 79 -98 -44 -48 10 -52 14 80 -21
1 -59 -15 -23 -38 -68 -51 -55 -28 54 -9 4 -95 -92 54 -22 -39 63 -13 44 67 -45 34 50 73 91 -41 23 83 9 -35 -38 -82 71 -61 -5 82 -17 -7 15 -40 -90 -86 75 -87 -44 7 15 -48 30 47 71 -1 45 -19 -78 -41 65 68 -45 -4 4 -87 -76 -82 16 -49 78 -32 12 -36 70 70 29 88 -10 38 8 -95 -99 89 -43 40 -73 10 3 -78 92 71 9 -5 5 61 32 87 -9 7 29 -19 89
-71 88 -32 63 11 67 -4 -59 12 5 16 87 -19 -91 -40 90 -59 -14 80 73 -51 77 45 45 81 58 21 94 -30 7 56 -3 -56 82 68 -92 -66 2 -75 45 80 81 28 -48 17 15 91 75 49 -59 64 -55 70 -65 71 -42 11 -44 81 39 62 42 -92 -41 -12 -80 -19 86 86 34 85 -51 28 13 -66 30 -36 -94 79 -91 56 -87 10 56 59 23 25 36 -62 63 34 77 -70 33 63 -49 -49 -85 -38 -75
-61 -3 18 -53 -59 -90 95 27 -70 16 28 -38 85 99 -49 -59 -85 -55 99 -37 40 -29 54 -31 -59 13 -22 22 -26 -8 82 2 -44 -8 -6 90 -38 -55 -3 -77 14 -36 -8 -58 90 -63 -95 -62 7 -48 -23 -64 85 7 -22 79 80 34 58 36 -46 38 -6 88 -65 48 57 -9 -71 87 34 44 18 -98 34 -48 -59 50 72 -87 -85 65 -8 2 57 34 3 -31 -14 -64 35 38 19 -86 -64 -47 -91 27 97 12
-73 -16 -50 49 -33 84 20 -42 -69 -43 56 -80 63 40 -96 -53 -73 -90 21 31 78 6 -83 45 -26 -10 61 -4 91 -74 67 30 -98 -42 -55 15 30 -33 -80 35 -2 -54 9 51 -81 -66 94 -64 12 74 -81 -83 -88 65 58 80 8 77 -48 74 -80 -86 38 75 -88 31 -53 47 80 -95 -13 -18 47 -51 -85 85 -40 25 10 -58 -33 -38 1 -65 -71 -44 -62 -18 -18 57 -39 8 78 86 -33 32 36 -32 56 -90
-94 70 -76 -87 -1 42 29 40 31 -81 -52 0 -84 16 -66 -7 -96 15 -42 -41 41 26 -31 -27 18 55 -95 -53 -38 44 76 35 -36 52 -51 78 9 -64 51 28 -46 7 71 -79 -72 43 70 17 56 -2 -72 -94 31 -55 59 96 2 -6 66 48 18 -78 -76 25 61 -95 20 8 32 78 93 -8 -67 -79 52 74 -39 -24 -50 -17 95 -22 8 -19 98 94 -6 -60 -24 -92 -78 -31 -27 78 -94 46 -21 90 27 -68
55 19 -1 -60 -87 -95 59 67 -78 -41 64 -72 82 43 9 16 -41 -65 78 94 19 -30 -23 -37 76 84 52 -95 13 35 -77 -90 23 5 57 -2 -10 -18 54 48 82 65 67 -29 22 -65 -89 76 44 48 35 13 80 -63 -99 -48 10 -30 -86 -95 6 -83 -4 40 -42 99 67 -12 52 -14 -67 -6 -61 75 69 -44 52 -29 -3 15 -84 -37 -44 -44 58 80 56 -47 0 -73 -29 -42 -32 -52 24 82 25 35 -34 -63
-66 78 7 -22 80 -15 -8 51 -5 45 43 -65 -77 -70 49 3 52 -55 54 49 12 -80 57 -12 -95 -9 43 88 12 60 -55 -57 55 77 76 74 17 -87 -41 67 30 -21 90 -99 41 -73 -73 72 -71 79 -48 -46 85 -52 -99 50 -97 -85 -56 -32 3 -82 35 -54 -73 -62 63 85 -34 -27 85 73 -49 -8 11 -92 -69 -11 47 69 -80 54 -79 -4 13 87 -16 69 -53 -29 -53 -67 -40 53 35 55 -78 35 3 89
-24 -13 6 -69 -93 18 18 0 -20 -68 23 -75 -53 -35 -67 -97 19 7 77 80 11 -90 -42 21 -62 82 -98 -89 11 56 -14 86 74 -38 -44 73 84 2 -23 5 -17 -31 -14 -92 -85 50 82 -23 24 -38 77 86 90 69 96 -13 23 -77 -23 0 -53 -61 -41 -60 -50 63 61 -49 -83 -94 -92 59 71 24 36 86 -96 -56 -9 91 -88 55 15 62 -59 25 74 -69 66 -74 86 -69 2 59 77 87 17 -83 -96 8
-16 -23 -83 -13 -69 61 5 58 -78 -13 -75 65 52 45 1 6 -82 0 26 49 -85 92 -48 3 -3 -71 89 -52 26 -47 -74 -84 97 31 -32 64 14 -98 -89 -76 51 -28 -70 -97 -65 -5 40 83 -90 -70 -21 -37 -44 38 -98 -7 -91 91 57 83 47 -63 -17 21 1 -77 37 23 -18 41 64 3 -22 -9 88 54 54 81 -26 70 -17 29 33 -29 23 77 21 -89 75 38 -31 -8 -91 -41 -15 47 -16 -10 37 68
42 96 -59 24 2 21 53 -66 -6 15 -84 97 26 39 -10 98 -69 96 -73 31 -56 -66 87 13 -67 97 36 34 88 -43 86 -17 3 98 14 -12 1 65 -17 -19 -78 -22 55 51 82 4 76 95 -76 -18 8 -50 -94 60 85 73 -84 84 92 40 -22 4 -31 -41 -59 81 87 -4 -96 71 -19 -40 36 -65 9 39 27 72 80 79 -9 -90 14 -74 -97 -24 -67 17 -61 -16 -69 55 61 -10 -43 52 -70 -64 83 -80
32 71 -22 -58 -94 -66 -10 1 -41 -31 17 -76 -45 90 -78 53 -93 97 -53 -61 -41 34 -96 -44 -32 -49 88 87 -7 33 -19 -5 -44 -67 -1 -77 -26 92 58 14 35 61 20 75 -43 -48 17 71 -96 -36 -56 52 22 -41 -44 -60 85 56 -8 -56 97 -70 40 25 -22 -88 -36 23 77 -32 -60 73 64 79 -36 6 21 26 71 -31 25 -40 7 -14 54 -19 96 -10 96 83 -96 -55 -56 90 21 97 -32 58 -81 -65
-20 -47 -14 -52 -50 -36 -51 48 47 -14 57 27 -7 -79 -73 -74 -12 -44 7 -94 -69 -60 -85 -64 -13 -83 -20 85 61 42 84 6 -48 -7 29 7 -3 -2 -84 10 42 0 69 -85 78 10 -68 99 60 58 -90 -11 58 68 39 31 36 3 7 -19 -46 -78 85 87 55 7 3 -77 46 -99 -8 48 -85 -16 -60 -57 -11 21 74 89 87 92 -31 52 92 -65 -92 93 14 -76 -78 -2 -42 -63 49 -45 -99 33 96 -77
-85 12 -69 50 8 98 9 -74 -72 -50 -48 -13 -3 90 76 44 40 -58 14 86 57 30 -68 44 18 -84 -81 94 -22 64 50 93 -54 47 -77 74 -85 -41 48 -51 -22 -30 -22 -93 -77 84 89 -58 -16 68 -49 92 -50 33 84 56 5 -11 -38 32 57 36 -83 -61 39 -82 82 -7 92 98 -43 52 83 -94 -65 -55 44 9 97 63 -51 53 2 32 -86 16 2 -31 75 11 79 -21 5 47 50 55 -76 26 -9 22
-52 37 -39 -48 14 61 92 -64 80 -43 72 -37 88 95 -65 83 -71 -74 -61 -89 -77 30 -17 6 -96 79 -18 70 -25 34 41 35 94 -15 -9 -73 -63 -49 88 -26 -21 -52 82 51 -11 -85 -54 -56 37 80 -7 92 -84 14 -95 -80 -44 7 0 84 9 60 -36 72 12 -84 19 43 54 47 11 -97 -57 -66 -51 -94 -41 -83 -54 25 -27 -5 25 -65 -75 -5 91 -32 15 -10 30 -1 -18 -44 -16 -22 -66 21 -47 -85
-52 -40 -45 21 1 26 50 -35 -50 18 -68 17 -41 -82 74 75 -13 12 64 -49 74 82 -81 95 -53 -42 61 82 4 -86 71 40 -12 -74 -29 66 83 17 82 -63 94 -74 -42 -79 65 -61 73 93 -27 15 54 -13 -80 4 -60 -78 68 -6 43 56 42 4 60 -49 -5 -31 -12 -61 29 97 9 27 54 -62 -15 -12 -93 -58 -30 -74 0 -34 -72 -59 77 -19 61 5 -79 -10 -83 10 -92 -17 -20 -73 90 78 -52 99
36 70 85 -53 7 -79 -39 -77 57 -42 92 -99 -91 88 10 99 3 -7 16 -96 60 -31 53 14 66 44 68 6 93 14 -87 -63 21 -86 -20 -32 -94 -49 -99 47 79 -33 -71 39 -38 -3 -90 26 45 -50 -90 16 53 92 -42 58 -14 95 -33 -40 -88 -57 41 29 96 -53 -43 40 -68 92 22 74 13 -14 -60 65 67 97 -53 84 -31 32 -81 -28 -93 50 -90 29 68 -64 -90 78 19 92 96 95 -5 88 84 -26
59 -81 -64 67 -71 -87 51 49 -81 -91 65 -72 87 36 -95 -4 93 72 -1 49 -95 8 45 -47 -61 20 -5 67 46 -76 13 -56 -59 1 -54 -38 -68 86 0 98 16 43 -47 -47 84 -16 59 -45 -35 28 -32 -51 29 -36 79 -3 -91 23 78 -52 -98 -67 -52 99 -95 85 -55 18 -59 33 1 -41 -75 -43 -23 59 66 -26 47 -13 -48 59 45 -97 3 0 76 3 -14 -12 10 -95 -38 29 45 90 -63 49 -31 84
80 56 -93 50 -48 57 -7 -81 29 78 -97 13 57 -3 -25 90 58 -70 73 -45 -40 45 -50 60 1 10 -52 35 -21 33 62 4 79 -6 31 51 -21 -90 50 91 56 -30 -26 -18 -91 40 -89 -94 -72 -56 -41 5 66 -45 57 0 -66 66 5 8 -76 -52 -38 -99 -87 -71 50 94 -13 3 87 14 58 -5 27 85 -84 -80 -83 -84 72 -89 37 15 93 -62 -99 41 41 -70 -96 -35 -4 43 -97 -69 -56 -70 -72 0
-58 -90 -99 -47 -63 -36 -7 24 74 5 9 -10 59 -94 -88 -42 96 6 -42 41 44 -40 -72 -97 -9 -6 -92 -57 74 -55 17 10 54 3 18 -42 -6 94 72 -20 49 -30 -59 -53 9 -10 -40 -74 76 56 -11 14 -74 -35 -1 -21 -25 55 -23 91 -81 94 6 12 20 68 -11 -10 4 -94 34 84 45 -83 -61 -94 -29 -65 -48 25 -97 0 -74 18 -5 -60 -12 -56 -36 -34 65 -6 7 28 22 -6 -19 43 -93 90
-70 22 -40 -10 94 56 -31 -8 79 -46 40 88 92 80 62 72 75 77 -85 -20 10 45 60 57 -75 14 -51 -73 -60 61 -40 0 -35 92 -62 -83 -23 -36 -12 -19 76 40 -70 -45 71 -33 59 73 -71 78 14 73 -69 21 -38 97 50 -43 29 54 -74 37 -33 15 36 30 -31 -6 -92 42 -67 -15 -72 -89 68 32 -59 9 -61 5 43 94 -61 -53 69 88 25 -67 93 26 38 27 51 94 96 56 3 -57 -54 10
83 22 -12 59 20 -34 74 -88 -45 -5 -4 -30 80 -89 -54 -72 -58 -64 13 26 -29 32 -71 82 93 -57 -80 78 -30 28 -87 70 -51 -96 -8 79 99 66 -48 86 -43 23 -11 -61 -44 40 73 27 -75 -45 -28 -67 -49 35 40 -21 -80 69 70 -40 -65 35 80 -65 8 36 -74 19 -71 -85 56 15 12 39 -74 72 49 -59 43 33 11 49 25 -32 67 78 -3 -59 7 93 33 10 -9 -31 -91 12 -80 69 76 7
27 40 -27 56 41 -70 46 44 -74 -16 -95 -98 20 -10 65 -49 13 -98 -71 30 -90 -39 20 -49 91 -61 97 -97 77 89 13 67 -35 10 16 -50 -42 -4 13 -34 8 -66 5 -99 -51 -97 -55 52 32 -15 24 -68 -89 32 -39 -46 5 50 95 -61 37 -88 -34 73 -98 -55 -55 -75 10 88 57 27 85 34 42 -53 46 -26 -7 17 49 29 84 94 97 91 47 87 88 8 -74 -79 2 -5 15 51 -68 -47 -60 -17
71 0 -31 7 -41 -36 -62 89 -77 -22 -17 42 -28 61 10 -97 49 45 75 30 -71 -2 -86 -43 -87 -11 -99 8 7 -99 93 72 90 -40 -15 -33 45 -59 34 23 3 -26 57 86 -29 -4 -70 -48 -80 1 -79 -53 -96 14 84 19 8 -43 85 86 -51 3 51 99 90 -34 10 -56 -27 -11 65 15 -7 -4 -29 52 -26 25 64 -75 -59 34 -90 33 -84 -78 -3 8 4 -86 79 -77 47 7 -6 78 -11 -29 56 87
8 -44 84 29 -48 -17 -99 7 2 42 57 -75 57 -71 -89 80 -73 -75 21 49 96 -10 -94 51 4 56 -72 -2 -59 -11 -24 -41 -4 5 -18 -5 59 -93 -27 29 -99 -26 3 0 3 -9 94 18 61 -47 42 20 -52 78 46 -44 11 70 53 -57 -57 2 58 14 -23 -15 -22 -73 3 -26 5 -61 16 -65 -51 18 -44 6 -37 39 90 10 -4 -63 -15 -96 36 54 -8 7 -24 75 -79 -63 39 -5 35 -90 52 -18
-27 49 -50 75 0 70 -47 -19 17 44 -93 24 -62 -60 -76 -69 16 -70 25 -42 36 -43 -83 54 -26 10 19 -85 -71 50 32 -35 -3 -90 -31 -37 -20 96 -17 -2 -4 73 69 -19 90 -63 -75 -20 -40 -75 0 79 96 7 -49 42 61 -75 -23 21 30 -65 -65 -73 68 56 45 -31 71 57 59 44 48 95 43 -61 57 49 34 83 -12 -28 -55 6 -76 13 55 -72 57 -87 26 15 -75 -65 -58 -47 62 54 33 25
96 -93 2 -19 31 35 53 -38 -94 -79 -26 1 0 2 -8 2 -24 72 -46 -23 -59 84 27 51 32 -28 49 70 -38 -67 -51 14 80 -50 -44 -56 -42 87 -52 27 49 87 -76 -3 40 -65 -22 82 48 -85 55 45 53 88 -77 -15 -34 91 -45 71 7 -52 -12 22 53 2 -41 67 31 -25 27 -37 -64 79 80 -47 -15 -27 77 28 15 84 32 -34 -60 78 63 53 82 -95 -6 -29 -59 -1 13 70 58 68 -69 -25
-76 -6 86 -84 42 -13 74 -71 -51 7 -47 50 4 59 54 28 -85 -6 52 -86 -95 18 45 47 -5 -96 -13 65 31 -65 -22 16 13 -70 -67 -18 -12 65 10 46 34 11 96 -65 -61 51 65 24 -46 61 -58 -93 23 -32 -16 0 14 -74 79 -28 75 98 57 47 25 35 64 -70 -97 -25 66 52 -89 -4 96 0 45 82 29 -59 -29 -60 2 -8 75 55 22 76 48 78 -3 82 -41 -93 60 65 59 50 98 64
52 -6 -19 -13 -56 -93 -95 89 24 71 -71 -96 55 -98 -74 81 -92 -51 25 50 -70 66 73 -23 4 82 60 97 -29 38 -53 86 16 90 70 51 55 -16 -52 71 69 45 60 95 -8 -49 -27 8 -7 -14 22 18 79 40 10 -43 -6 39 60 4 26 -11 -22 -62 43 -28 -41 -5 48 -88 45 -20 -82 -54 -79 5 -50 80 24 -13 -12 22 89 -28 -37 21 41 34 88 77 20 -32 -15 -8 -67 -45 36 8 -23 7
-70 39 -10 -97 4 69 62 93 -84 -48 99 -51 52 -37 33 42 68 -32 46 41 55 39 -22 -68 -32 -75 51 59 -78 50 95 -32 -41 -15 43 -16 -63 -76 -64 34 30 -7 -8 28 -77 -17 67 -90 -9 42 -96 -60 57 -49 -50 -32 68 40 77 -57 66 4 -44 62 82 -43 91 28 -69 44 -9 -3 71 -87 -64 -6 -1 -65 -59 -64 -54 10 33 45 -89 51 37 -53 85 -93 -35 -87 26 12 -65 81 53 -9 84 -73
98 50 -59 95 49 17 -3 -55 -9 -16 99 -24 3 15 65 69 -72 50 -75 -98 -48 -13 -74 95 11 -14 68 98 -51 -45 -42 58 65 -68 -98 -48 11 75 54 -68 95 -24 1 -37 -87 61 -95 -13 25 -70 -80 87 86 33 88 -18 -15 1 80 90 -90 -43 25 -72 69 -92 -62 -58 84 47 -49 54 12 32 -15 -83 35 67 -94 -61 -75 -4 -50 41 13 -20 -91 -52 49 -32 -77 14 98 -57 -32 37 -68 -98 -68 8
-27 31 99 96 12 99 -68 48 -63 -13 -23 23 -75 50 -7 -79 -74 10 22 -51 -12 56 50 81 3 58 69 -13 -41 -50 -42 -29 21 69 46 -39 -99 80 -70 38 43 9 38 -9 -85 -99 12 45 -18 -61 -29 -60 -3 -71 44 40 0 80 61 77 63 92 -52 -9 35 -80 48 18 15 -33 -83 -47 74 -12 -36 72 73 -32 -13 64 -78 -75 -98 86 -52 -94 55 -10 -69 -75 -38 59 -94 -68 -46 -21 0 26 20 60
73 4 99 61 50 56 -91 49 85 7 -62 -23 79 -88 78 -54 13 -72 2 -79 -58 -39 52 -5 -72 70 -56 -68 -8 -95 40 91 -66 -50 98 20 -99 43 48 86 18 82 -35 16 -98 53 50 -26 16 -26 -35 -32 37 36 16 -64 -64 -45 -48 10 -78 21 -83 97 4 -49 -58 -67 14 -54 -80 25 32 92 3 -81 23 18 50 -15 75 -98 -12 -88 -54 -15 -29 -28 -43 -87 -3 -18 -68 -47 -90 75 90 -31 39 88
-6 61 -42 44 39 -54 64 -98 37 -84 37 -60 -4 15 -26 -15 -2 51 -55 26 -95 73 -19 -37 8 23 -4 29 -21 -14 38 24 -32 -58 -76 -58 -11 63 73 20 -82 28 3 81 -81 -61 83 -35 -76 -27 -53 -72 -84 -12 28 6 -72 -80 -20 14 -73 -88 0 -15 -10 4 -52 -99 -43 48 -2 66 50 7 21 91 -86 -45 42 -31 33 -14 93 -34 22 -42 -41 11 88 -2 -41 -38 12 -17 59 53 75 -23 -71 -15
71 -95 72 96 41 -50 -78 57 -65 -56 39 -97 91 -61 34 96 -50 -46 -66 -74 54 88 86 46 -63 66 56 67 -76 -39 2 77 -76 -91 -58 -81 -49 -57 2 81 34 -29 16 -98 41 42 26 -62 -43 71 -74 -39 20 -67 39 35 -66 -21 3 86 -28 50 -19 -64 -86 14 55 82 -76 -65 -39 95 14 92 -18 19 59 73 53 8 -9 76 -91 84 37 -78 49 -46 -36 88 -9 -71 85 -89 55 85 92 -38 64 -48
-82 -46 -12 -10 -78 17 -79 27 18 -90 -47 3 90 -2 8 25 -27 1 -62 2 -69 -48 61 -63 -38 -63 74 -59 -30 -8 48 55 15 -84 46 77 39 -82 49 -9 24 91 0 51 -50 -1 98 -77 70 34 75 1 80 -2 -56 -91 92 99 -12 -23 68 -53 54 44 83 35 50 29 -48 37 44 65 -19 -7 33 77 35 -39 80 -32 -79 61 34 -16 -37 66 -82 47 9 82 50 -71 95 -6 16 63 70 -33 33 98
-33 -46 -26 -94 93 92 -8 62 54 -33 47 -71 -50 -99 0 -36 34 -19 -65 -16 -48 -77 -74 73 -70 21 41 77 -37 -61 4 60 -12 -9 32 72 19 42 -2 -5 -62 46 7 -72 -20 56 -80 -37 54 49 -3 -77 84 -69 -62 84 -68 98 -36 -35 -9 -81 11 -78 -9 14 -99 34 -63 -28 83 10 -30 54 71 -56 -84 -89 -42 -57 93 -38 -62 -26 -91 -70 -82 -84 -87 -19 -71 -28 -50 -68 -12 -70 -60 44 61 30
-50 -69 -58 -94 -79 -22 5 -18 -24 17 94 -32 -32 69 -16 -96 -14 82 -61 8 -21 72 -37 6 -19 44 2 -11 -56 66 -70 56 12 13 -91 -63 32 -81 72 -17 11 -67 -73 72 14 -94 22 49 -70 50 -96 -24 30 33 41 -3 -49 -78 13 -73 -69 56 -77 90 78 -47 23 58 -74 -76 15 51 42 3 -72 37 -49 2 26 -14 -27 8 -21 -52 -68 19 -26 -33 72 -3 53 22 19 -96 -27 -88 86 -61 89 -23
46 -56 79 -43 50 20 14 54 -17 39 -94 -61 8 -58 12 11 -85 -10 -37 46 -77 -69 -92 -77 -55 96 2 -6 49 7 -88 48 -72 89 74 -4 -88 91 -88 75 -65 49 17 -56 12 50 96 81 95 -15 -43 99 28 -61 -66 37 83 -85 21 -48 -43 -87 -67 56 12 -97 -76 -74 -64 -5 65 -58 -9 -67 24 -46 -78 -66 4 -49 -51 -61 -51 87 94 33 -23 34 -8 78 2 57 92 -88 92 -34 -63 -10 -34 96
59 -64 50 -50 -45 95 87 -56 79 77 -48 32 57 -32 -61 4 -95 -42 -40 47 77 -35 -52 -9 -2 73 -27 47 -2 3 98 -98 80 -27 26 -94 28 16 21 -41 -4 83 33 -90 33 -51 -88 10 17 -20 17 -78 -70 -39 -43 25 -48 -30 -3 67 -76 -35 18 96 -71 -93 40 11 -40 66 45 92 55 53 -33 20 -18 -3 14 -12 6 76 -11 64 25 -43 51 -29 96 -61 -45 -29 17 -13 -11 78 27 -14 43 -50
-15 -44 -77 -27 -28 71 -43 72 -4 -29 -2 -53 67 24 -29 73 -12 -86 46 4 -99 -94 9 -92 -57 89 17 -87 -84 -39 80 9 -39 52 80 97 16 -92 92 51 95 -93 14 -54 -50 -82 -53 -10 68 -39 -1 95 -47 51 71 88 -16 -19 58 10 -78 44 40 -89 -44 27 -22 42 93 75 -68 -57 30 36 88 89 74 23 93 89 -48 29 99 -49 98 -12 95 -64 96 37 -78 -67 89 -37 85 31 67 -95 16 64
-39 3 74 76 -16 -34 66 -4 2 14 -63 -48 25 14 -6 45 57 -97 -21 -96 47 -64 -31 78 -35 -22 86 -62 24 -27 59 97 -49 -24 35 84 -9 -41 16 51 -87 55 -9 -37 -73 -42 -39 52 1 39 -65 14 -77 75 90 -9 37 71 3 -11 -92 66 -64 70 -84 90 85 -8 -46 -42 -35 48 -73 90 94 0 -82 7 -48 -22 -87 95 -24 74 10 28 -77 -89 -93 81 0 -14 20 12 -68 -10 -85 9 61 -48
30 -16 -10 -78 4 67 -37 65 -58 -30 33 13 -94 -61 -65 86 97 -33 -83 -14 78 42 79 -45 -79 51 -15 10 78 -66 8 -5 92 -59 50 -55 42 -83 -74 87 76 92 54 19 -66 -5 -78 51 4 -70 -47 -80 -71 -37 15 -8 -64 90 73 19 75 -18 13 15 -76 -33 76 -38 70 -52 -52 -42 6 47 -82 39 -72 40 42 40 6 16 59 -33 48 88 -31 -50 -76 -8 -27 83 65 83 31 15 12 -21 57 36
-82 87 24 40 96 26 -58 43 86 -64 -83 -86 -8 -16 -12 -82 11 -23 -25 89 58 -60 -42 59 93 27 -94 -83 -45 -54 -74 85 -38 -15 -35 27 -79 -63 80 -41 -33 -25 -37 40 -76 -54 97 -15 -77 -67 -60 25 -81 27 -88 5 80 -67 -90 30 -46 38 -93 43 -10 15 35 30 -43 -67 -45 40 -19 16 51 -18 -59 -5 72 -38 -90 -60 33 60 -58 16 62 4 65 65 -84 -22 36 -70 3 9 1 -72 -95 -78
-45 45 5 -31 -17 -93 72 49 -8 -30 -54 68 45 -90 66 -2 -61 2 5 78 -56 -97 -30 -85 92 55 43 -90 19 57 30 -62 -71 19 -85 -43 -44 -53 48 -81 40 -42 11 90 50 11 0 1 -72 -82 -22 -88 -32 27 -89 -27 96 5 -74 -27 -28 -24 -74 -31 -85 -80 -37 52 -15 37 13 -92 -99 3 39 58 78 -72 -92 56 -74 6 17 -91 72 -58 67 94 -30 -23 75 75 -41 -33 -76 -32 54 67 63 29
-79 -90 56 43 -71 35 86 -13 -26 -24 -13 53 49 84 22 95 -7 85 -84 -73 74 85 -45 -14 76 -37 -98 -52 -68 -63 0 -11 26 37 -36 48 96 13 -72 -82 77 1 -33 -93 -87 79 -12 22 -20 54 57 -44 40 -30 72 50 67 76 17 -96 -67 -90 -56 -52 -93 -48 52 87 95 -5 9 66 -88 20 -97 70 -65 -23 79 97 64 79 27 54 -71 3 35 56 -1 -53 -74 -37 68 10 79 81 -26 72 -3 43
-57 63 -91 -44 89 -35 73 -84 90 1 -90 -83 -14 75 23 -50 60 -9 7 9 -78 80 64 -74 93 13 -11 -17 -61 49 20 -36 15 -19 10 -68 67 -17 -40 39 -39 -93 -37 24 34 -99 27 67 -30 -6 -42 70 -46 -48 -41 -10 95 -47 -8 -75 -6 -84 30 -58 47 -99 8 -35 36 -78 -18 -33 -29 -56 22 14 -42 -3 -64 -78 -31 71 -4 -36 -84 -27 18 85 98 63 -38 -8 36 72 15 -20 -57 -62 64 61
-84 53 86 59 19 -90 -86 61 14 64 -65 69 -51 -1 -93 93 -79 -67 -62 -4 88 -11 -73 -84 -76 -4 31 32 82 95 79 68 -39 -85 33 56 79 97 36 -73 -56 -1 23 -66 -56 92 38 -68 87 57 69 -64 13 -17 76 78 -55 23 -67 45 -68 74 75 44 42 84 82 44 53 -3 -11 -24 -26 36 55 -23 -99 50 -18 -97 -19 -47 -39 69 99 -45 -97 -32 71 -6 74 -59 66 52 -80 21 11 -73 22 -15
84 68 -79 -98 -17 -72 17 14 -53 -91 94 88 25 -22 82 18 -66 -9 91 9 -97 46 7 57 21 21 54 84 86 -4 54 33 15 -16 45 -8 88 95 -50 -79 -59 57 -91 -68 -77 86 20 83 24 -52 68 -41 -92 70 -33 8 -89 61 11 66 -97 -4 47 -71 -81 -11 41 -46 48 79 28 81 84 -77 -36 -99 15 -75 -64 -29 -2 -25 67 66 3 7 -92 -6 -95 -82 -43 4 3 -5 -68 41 49 79 55 58
-14 -40 5 -48 26 -69 79 86 -99 -85 37 -45 -93 58 45 32 -65 -1 -79 85 -28 9 49 -68 -50 -16 -59 53 78 94 52 -96 -82 -51 90 59 -15 -80 -91 85 40 -33 -94 30 -27 -14 5 45 -18 -12 46 -26 -92 -48 8 15 6 -57 96 -42 -27 -30 4 -71 43 -37 59 -22 25 -39 -66 58 50 76 65 -2 28 -16 21 53 11 -55 -28 47 -81 3 -36 -27 -64 67 -86 -51 -90 1 64 94 -6 48 45 -22
73 44 -17 -75 -10 98 63 -51 -5 45 -11 -14 -2 -42 13 19 -35 -13 -43 -38 2 82 -52 -24 -80 -61 -26 32 -47 -90 -91 -10 33 66 75 -71 -60 21 -66 12 37 80 -49 51 -66 -93 84 52 69 10 -86 14 -74 -4 68 34 -1 46 62 -82 9 -8 66 -19 42 63 16 35 63 -43 -13 67 -60 39 -70 -79 -1 -90 -96 -1 -84 -11 94 6 27 -78 -31 -1 50 87 -79 -26 -69 -40 50 48 -48 45 -93 -1
-22 29 -19 11 -18 -79 73 -97 2 -99 45 -26 -55 97 26 -60 38 -89 92 29 -25 47 59 65 39 89 39 28 26 -24 -91 47 -91 -35 48 87 -86 14 75 -57 -58 37 -82 34 -74 -90 38 -82 59 -35 59 54 78 -63 -80 -51 75 -32 41 93 -22 38 95 -42 62 -26 -64 -44 -51 -89 68 -41 -43 -49 17 74 60 -85 -74 -92 -79 -32 -79 -36 41 -98 26 -5 9 35 29 -92 94 -60 -3 -44 -60 20 91 74
33 -70 -57 -37 -96 -68 9 -13 -45 -42 -57 11 -97 -2 53 -10 9 -64 46 -40 -89 -25 -21 70 -50 -95 52 89 0 -10 88 51 -26 31 87 56 6 37 -60 -5 -45 -5 -34 -81 32 82 -40 6 18 2 -85 68 -62 78 -86 2 44 60 -7 87 95 54 -61 43 57 91 -18 -92 67 -71 12 -53 84 99 48 19 -60 43 53 -32 -76 75 -12 98 94 -48 2 71 29 44 61 50 -83 -91 53 -48 -68 59 85 -33
-99 18 54 28 36 25 92 -20 31 -56 -39 -52 40 -78 37 0 87 -49 90 69 -41 -70 -41 -34 -65 -65 68 -44 -4 -26 67 -40 -91 -58 80 28 9 69 -24 15 -6 40 -13 63 -58 -10 -47 62 -93 -86 -32 19 -10 -61 15 55 -25 36 -30 22 70 -18 61 -8 62 -78 -73 47 41 29 18 -53 -36 3 16 -3 -76 -62 94 96 -82 -90 22 88 18 -81 -13 -93 -62 74 -13 -55 41 -23 12 -88 -78 -90 -98 -80
37 68 -7 23 29 35 54 -98 98 -4 35 -91 20 71 -63 86 73 -70 55 80 -27 87 24 18 -66 13 53 -74 -85 37 -81 76 98 -69 15 63 -72 -24 79 -58 -60 -27 18 58 32 88 -6 -21 -15 29 26 -6 70 -43 22 61 98 0 48 -63 -30 -97 57 18 9 -12 -50 21 84 -68 32 44 -24 -72 86 -28 68 24 21 -23 98 33 86 14 -74 88 6 82 -42 -29 78 69 -38 84 -11 -35 -8 -7 49 -85
35 76 -71 4 -71 75 17 -28 19 -23 42 13 1 70 68 5 24 -71 20 -58 12 8 -73 -93 -3 -12 -9 -33 89 39 12 -80 15 12 -15 87 49 -1 65 -65 -86 57 63 -9 -19 36 -25 37 47 -88 -20 9 40 73 -73 -3 60 -95 91 42 1 4 2 -94 94 -77 -53 -2 16 5 32 94 67 74 -3 -26 73 -51 -72 96 -59 35 75 13 40 85 47 -15 -75 90 91 26 -33 77 54 -50 -50 52 -9 -72
60 47 -91 -88 -24 90 84 -34 73 19 7 -90 36 80 -74 93 20 -35 -60 61 90 48 -61 -29 -33 18 -99 -20 -23 64 -16 -12 -8 12 91 18 -83 39 -52 -7 12 18 -52 20 13 23 -2 74 86 9 -19 76 -63 -40 -94 99 63 75 53 -10 -40 -66 -58 74 32 63 42 41 66 40 -37 60 77 -4 61 -78 -1 -51 -78 58 74 -35 -99 86 -45 -62 51 -94 45 48 -20 35 63 11 7 -26 12 0 60 17
45 58 58 -22 -39 -48 41 56 -25 28 16 -1 53 20 15 12 87 15 2 -40 -30 47 49 94 -36 -16 -69 -94 -18 -98 52 -55 70 -7 81 92 -40 -99 -3 99 46 9 86 -96 15 -24 -49 -25 29 -11 1 -67 59 61 -78 -30 -83 62 6 75 48 23 7 -10 -10 18 -36 -58 44 35 62 97 7 12 -98 10 -29 59 94 -41 55 23 -69 -54 -88 -52 -5 -61 49 39 78 -32 43 -19 41 -47 28 43 -73 -95
73 13 -98 -90 25 25 -14 63 -50 -68 82 -11 -49 -46 76 -25 -72 -36 -6 -10 55 2 -39 -22 -68 9 10 45 4 -45 -9 -18 8 97 2 90 -95 51 40 -48 -37 -80 77 -20 96 -8 -47 99 -62 -85 40 -98 17 -7 43 54 -90 -84 38 -26 -30 74 61 35 57 -29 -11 -44 -70 15 74 -77 -56 32 -78 -69 -24 -74 79 11 -17 -75 -23 26 90 -37 -25 58 66 -11 -73 -25 -28 62 85 -66 -95 -78 -18 69
-53 -13 22 -11 -76 -31 -35 -22 -82 76 16 38 -41 -11 50 -49 -81 71 92 21 -58 -22 -64 45 -81 68 80 49 28 55 23 70 -36 58 75 -40 -34 53 66 9 65 -8 71 67 36 21 -92 25 55 -61 -66 -91 -84 -82 3 -57 -95 -25 -19 65 80 69 90 -1 -51 -17 36 -69 65 11 -32 -9 10 54 -59 5 58 -66 -63 -35 90 -49 22 -48 -93 -19 -27 73 68 -48 -18 53 2 -37 57 -26 48 -2 17 31
65 65 97 -50 98 11 -35 71 -24 -11 -9 55 22 64 32 2 15 69 4 -31 26 27 50 39 71 41 -83 66 -83 14 -18 60 -90 86 23 -50 85 -61 90 -34 16 -77 -61 -35 -28 -58 74 -78 -21 81 -86 -88 -91 -91 -14 60 -53 -54 76 -71 92 -84 -52 73 66 89 -85 -82 -96 73 -38 -56 26 6 -5 -55 21 -44 -91 -68 90 1 -35 17 -70 78 -86 8 34 60 24 77 35 76 47 94 -78 84 48 82
45 -71 95 89 -52 4 53 48 -60 19 15 23 -12 -9 56 81 23 -68 -32 -47 81 3 -8 -7 12 -96 -76 42 13 -34 86 -88 -50 -76 -25 41 -10 29 -95 -78 79 62 -68 35 -74 52 53 -58 -67 -97 31 -12 18 -94 8 26 77 55 -14 -27 8 -62 30 -7 -89 59 26 -24 -14 77 41 -30 94 -17 -69 -27 -58 -80 10 -51 -34 63 78 28 -37 66 48 83 -7 -41 84 -74 22 -81 31 60 91 72 -73 9
57 99 78 -27 21 -64 69 -76 -8 34 -47 86 18 2 12 -17 -73 5 -51 -31 -24 18 82 85 -77 12 23 89 -42 -76 64 -66 -31 -79 94 65 -78 41 -16 -32 86 98 -10 94 76 99 -45 87 -4 42 -76 79 -29 98 73 -24 39 66 -16 3 69 -3 -22 -33 -29 24 -37 20 87 19 -69 -24 -58 -56 -2 -15 -25 21 -51 -38 28 34 76 28 -41 92 -44 -21 89 39 46 15 82 93 -74 9 -19 96 -94 63
-81 -48 27 -77 -6 8 43 80 51 6 -88 37 40 11 -76 -45 -42 -43 -33 1 -60 -11 26 -48 65 -24 24 28 44 12 57 -49 -96 21 91 -78 97 45 -51 -67 8 32 82 90 -45 59 -41 -20 -59 -55 -43 83 -38 -70 91 77 -64 -32 91 14 92 -20 -24 -87 54 40 -54 83 -40 -15 -82 -68 37 -85 97 14 -40 -2 -73 90 76 -27 61 63 -92 35 3 60 86 -40 46 22 38 4 27 41 -41 96 -40 64
56 10 83 -55 8 30 76 -92 -69 46 -63 -82 -91 -75 -52 -17 -49 10 5 74 5 68 88 89 -27 34 73 -99 -74 67 -22 32 31 -20 -54 21 -17 39 93 68 64 94 51 16 57 -49 10 73 48 -75 -3 69 -18 -87 41 -36 -5 89 -80 6 -42 -1 59 44 -97 -1 94 -39 34 68 -86 36 -14 0 70 -18 -46 96 21 -34 41 89 18 -41 -57 -26 36 69 47 81 5 -11 -84 -75 35 -14 -41 34 20 -87
-4 -61 95 70 -92 87 -21 -66 -96 -78 53 26 9 43 -12 30 -84 -30 55 -56 -8 -52 78 93 -49 78 -54 87 -95 -17 1 81 40 -81 -39 -74 0 9 92 42 -77 28 -49 -79 2 82 -97 -18 -52 46 -50 52 -58 -80 -20 32 -92 -61 24 -79 -80 -7 50 0 -99 -92 79 45 75 -1 -63 -83 32 -3 -57 -94 -39 41 -84 98 -55 -66 -10 -1 31 -91 -32 8 96 30 47 -21 34 -97 60 23 -27 35 -95 77
-89 16 91 -1 -40 -7 57 -39 5 30 -52 74 -82 -21 88 48 6 -84 -45 52 -69 26 44 -3 -26 94 -19 -4 54 83 -47 -36 94 94 31 67 -44 -36 81 92 -88 -17 -12 67 -28 -23 36 -35 19 -14 -24 -72 74 -85 -65 8 -40 46 -45 -32 -70 59 47 -10 1 62 -27 55 -91 -98 -73 35 -56 51 10 9 65 76 -24 65 -1 -12 93 -88 63 39 -6 -96 76 -52 98 81 19 -1 -64 -50 9 83 18 92
-30 -55 -94 -31 48 -49 32 12 90 92 40 -87 68 10 70 11 41 92 41 69 -71 -59 64 51 -59 27 -71 -66 -97 -26 -2 12 13 78 -1 -30 50 56 93 39 -64 76 -71 23 49 7 -94 60 -68 48 10 65 71 -86 63 34 63 -84 20 49 43 52 3 -85 -8 44 20 -63 7 8 81 -32 41 29 -38 53 -38 -87 -56 48 -69 16 30 25 58 58 24 -7 -82 -8 20 -80 -60 91 -43 91 75 -98 -32 7
61 -77 48 -37 79 33 85 -48 -33 -67 -96 21 55 36 -86 18 -44 63 -6 -80 -53 -33 59 -44 -39 11 -77 39 -67 70 22 89 -68 26 56 95 63 -58 -75 45 -54 6 71 62 -50 63 -96 16 72 -47 68 66 -89 29 44 -67 -85 64 -89 14 -53 -12 14 -32 79 -17 -75 89 79 -86 -24 62 -38 -7 -6 -22 16 74 78 -88 8 53 -26 -80 53 9 -71 11 -78 -79 -58 -63 27 95 83 70 61 -18 18 -10
-20 11 65 -34 39 -82 30 78 -29 -16 73 -35 16 11 -17 -31 -83 -47 -82 72 43 63 62 -11 -32 11 -42 -44 86 -55 -57 -14 13 -7 -38 47 97 -52 5 -71 -54 47 -87 -81 -25 85 -14 51 -36 20 43 -45 -40 -67 6 62 -32 47 24 61 59 -73 -28 93 21 22 -12 52 98 66 -91 -7 -91 -97 65 91 -30 32 -50 -81 18 38 -2 2 79 13 18 -80 -63 26 -15 -8 77 -31 74 -25 -89 -88 8 64
-57 9 39 96 40 30 85 91 -21 55 -43 -83 -54 -7 26 87 32 -7 80 -17 62 51 29 55 5 -52 54 -49 -95 -13 -61 -61 7 -93 -18 55 -89 -35 9 38 -32 58 -41 52 83 -3 40 -19 -66 76 24 93 86 55 -95 73 61 97 -35 2 -5 -55 -69 30 74 -29 22 76 16 16 -43 13 -47 59 -17 75 53 -61 -44 -88 72 -68 -25 40 -99 57 57 -41 82 -85 -44 -82 -34 -76 -90 77 -50 85 86 -14
85 -45 42 39 -62 88 4 80 -71 -16 -37 -1 95 -6 -38 -90 -53 27 53 77 19 88 8 87 -87 -41 -31 -74 86 -72 -53 -67 -24 32 27 91 -54 -37 -35 -73 -41 79 -24 58 -79 55 -28 -73 -86 -41 -39 -57 -28 38 48 -56 25 -60 40 -17 58 18 32 11 85 0 98 2 61 50 -82 -66 -29 45 -57 27 -17 -68 -47 39 8 94 -77 69 5 49 -70 79 -92 -76 6 60 42 -45 -74 -69 -3 -5 76 -64
-50 -35 -20 1 54 -40 -80 60 38 -64 -83 37 72 98 -22 67 -69 -98 -6 48 -98 -91 53 62 -39 -59 41 27 -4 -81 26 98 -43 54 71 -65 82 24 41 -98 80 -14 -89 3 30 -7 13 9 92 20 44 -74 31 78 25 -67 62 73 90 83 71 -54 98 94 44 20 90 -46 3 -34 -3 59 59 -45 -51 74 59 42 64 50 -22 1 26 58 56 -65 55 28 -68 -36 -57 29 -56 -94 -43 75 72 -62 -88 6
-74 73 -85 -15 -73 6 74 -60 -94 89 22 -58 20 -45 -38 -73 98 -12 -42 -15 -14 -45 83 -57 1 -19 93 1 30 46 57 35 -21 -41 16 -25 -73 -26 -32 47 -32 -10 68 -97 -5 88 28 -42 78 46 -95 36 49 67 53 25 48 68 0 59 -96 75 -67 48 88 -54 -27 71 -70 -67 92 66 67 45 96 17 7 -65 -50 47 -6 95 -7 18 50 -61 -52 38 91 -3 22 11 50 37 -31 -28 -54 57 61 -52
20 -91 -47 22 48 -52 8 -36 -17 -1 -31 74 69 20 -92 83 72 -14 -88 -59 92 59 -99 65 -77 72 -34 -20 -81 -32 -46 74 -85 -43 -41 -7 -97 -4 16 -38 68 -99 16 -22 38 11 -62 92 50 42 8 49 -56 95 -89 -38 66 -10 5 77 -49 -68 -39 -27 12 46 -44 38 77 -82 30 49 45 -12 -34 -51 94 -53 84 7 87 -45 -27 81 22 -92 42 -92 69 70 -77 71 86 -94 -55 37 76 -50 -31 -52
27 8 -72 75 85 -40 85 -61 38 27 26 -23 25 -52 15 32 34 -3 83 -41 -19 40 -44 19 40 -51 75 77 -90 82 -74 -3 -99 5 95 24 9 -54 9 22 74 36 -69 -84 22 58 -68 18 41 72 30 60 -99 7 93 18 33 15 2 88 20 -34 58 12 13 59 -51 10 54 34 58 -65 81 -98 13 -22 -81 75 84 69 3 45 -62 16 -90 20 65 10 -99 81 -80 85 48 -72 -81 19 7 -7 -51 -35
-57 -36 -66 76 -14 52 -50 -91 31 -36 84 26 91 23 59 -91 46 -92 90 -88 -41 -92 72 -54 -68 7 53 52 53 18 -23 79 72 84 76 15 -34 -30 -16 -77 -39 -71 -79 -80 -1 -49 -12 2 75 -74 -85 59 15 -77 88 -21 -55 34 59 -37 44 -25 67 10 71 -40 63 -42 -89 21 40 -52 -84 -99 4 89 -66 -72 -24 -76 -78 67 -1 -84 83 9 -22 -37 83 68 47 -43 39 69 84 68 12 -19 45 -88
3 67 52 -82 99 -12 -42 -41 9 -23 -30 9 -36 -45 -85 -93 74 -56 -88 22 19 -91 11 47 -67 96 -75 -78 12 -82 29 -95 -9 69 98 -73 16 -72 31 42 41 -82 -41 -32 89 -24 19 -16 -13 52 -60 -90 11 -79 7 16 24 72 -93 10 -78 -83 -30 15 41 63 -30 26 17 0 42 -28 -89 -3 -25 -23 -14 85 -21 -33 -18 -23 30 -21 16 -57 -61 78 57 36 70 77 -95 76 -23 55 -85 -96 -91 41
59 19 25 64 66 86 48 3 93 92 74 -59 8 35 -31 -83 56 10 -42 94 -47 -13 -53 -27 80 -14 -42 -57 76 58 89 47 58 -70 50 -97 -8 -23 -26 33 81 50 -26 64 83 -31 -50 -51 -52 15 66 29 65 -69 -62 -8 35 -38 -42 -41 15 10 95 48 -39 -37 80 69 39 -39 28 -71 86 -12 67 -86 -37 71 69 -21 70 77 -24 34 -34 88 -65 -50 29 -21 -24 92 22 -4 61 14 65 27 70 95
1 -6 56 -85 -29 -54 26 -63 49 -82 -44 -2 -84 64 30 -70 -64 3 2 32 -23 45 75 26 -41 50 66 -80 86 -40 50 87 8 81 -64 -91 -19 15 -64 -71 49 90 -88 -73 -34 -9 -45 -14 19 99 -18 -88 -31 -63 94 -57 81 -62 -31 87 30 -45 49 -11 -45 15 66 52 -60 -9 -56 -24 83 -70 -24 -46 -3 63 94 -94 -75 22 26 36 -36 -94 2 -5 25 -83 63 -15 -76 32 11 47 28 -20 -84 36
-47 -71 91 91 93 -10 -50 -47 -7 -66 -17 64 -18 71 -14 31 -32 10 -82 58 55 -37 -85 73 30 83 90 34 93 -14 -32 24 71 -23 68 -22 77 -13 78 76 29 -69 17 99 -92 -81 79 96 77 72 2 52 -67 -57 -27 -43 74 97 -26 -84 -38 70 27 -24 65 -26 -19 64 -6 -53 14 -72 -46 60 39 -56 49 -36 -29 95 -89 -24 -56 49 -3 -16 -73 -92 29 88 98 -76 -56 80 -7 36 75 69 46 5
-50 92 -75 42 -38 -87 -82 -59 95 63 -24 -43 -1 -25 27 0 -53 -52 16 -38 50 -42 94 49 2 -95 -18 -39 57 -65 62 -34 39 69 -81 -93 31 -24 23 -3 97 -44 42 -24 13 -77 33 -33 -26 80 29 -93 -85 84 -99 -49 -77 69 -68 -25 -98 99 5 -25 -99 34 3 42 -15 -67 -42 -96 92 -88 -46 -83 -13 -75 -79 -19 79 -70 67 66 92 95 0 87 3 41 94 -11 -81 -58 -22 34 44 40 -46 56
88 -57 -10 68 6 56 -78 33 15 41 -49 -96 -2 -57 66 -28 -29 94 33 37 81 -27 43 -86 76 -22 20 72 -8 5 60 54 -53 -64 -37 -21 7 -93 71 67 -30 -50 13 -71 -64 -84 -34 7 -2 81 34 69 22 77 -50 -7 78 93 -57 -64 89 17 73 -16 -54 49 85 -24 21 -90 97 -21 -9 -93 -60 22 8 59 16 -35 -19 -80 12 -27 61 47 -84 -29 -85 40 74 -8 -88 0 -49 -89 60 49 71 98
16 -39 54 58 40 21 26 -4 12 -45 98 -16 39 2 30 -83 -61 46 -94 1 28 -65 -32 -24 5 -27 64 0 79 9 -94 61 78 -72 -92 36 13 -26 29 -63 37 7 17 -13 -84 -97 9 -87 -94 36 33 -30 -75 33 9 -22 2 -85 99 80 65 19 4 80 -98 -46 68 -99 98 -71 -6 -70 -80 -77 -19 20 16 13 -90 -92 36 -37 13 34 -47 10 -82 10 99 -91 48 -12 80 27 -77 15 35 40 -85 -54
-51 -82 28 20 -82 -48 -94 -54 -68 -7 84 -17 -92 39 51 73 42 52 -46 -68 50 -63 -9 -98 -36 -64 -87 -50 2 70 -87 13 -21 -15 54 65 -61 -22 -29 71 -55 60 41 90 67 18 83 1 56 78 -98 -14 59 92 13 30 -47 -54 92 26 -46 68 11 94 -46 94 50 -64 -28 -94 -14 -36 25 -42 -44 -12 -67 19 4 -28 2 15 -81 75 -4 54 -8 74 -46 -66 64 -26 -69 25 -52 -26 -93 31 58 -89
-28 16 -45 78 88 10 -48 3 40 -38 34 77 -19 8 -96 41 -76 -76 -42 -96 -64 83 -12 -23 15 52 -69 18 -40 -84 19 84 56 94 35 6 71 -36 -53 80 87 -15 -79 56 12 -94 -99 -62 -37 84 61 3 24 13 -61 -48 -18 63 65 -95 -28 -93 -20 -66 -83 -28 -15 -88 -48 -78 -50 87 -16 -2 17 63 79 60 -72 -73 -74 -47 54 89 8 38 -40 39 -63 81 22 -34 -9 -90 -91 97 23 -33 -38 23
