-31 6 -65 -33 -62 -35 -7 97 -57 46 52 48 -55 -32 36 64 -63 19 53 42 -45 -69 -71 -16 -4 -2 -73 90 62 89 -99 39 -20 -34 -17 88 -31 76 80 -47 81 -24 -88 -19 -21 -93 3 5 -82 -10 -34 -51 30 62 64 -33 -79 -70 -61 69
-77 27 -16 -56 35 -36 -10 -41 58 -21 -86 64 1 -23 -62 -35 -83 -85 -84 -60 -59 -41 94 43 -69 -61 11 -80 73 -97 79 -29 -63 0 -93 -34 -12 68 -83 -93 -34 97 75 11 88 15 76 36 -12 60 27 46 -47 20 36 9 -36 -32 16 -30
47 -48 -19 -2 7 55 -64 -43 92 -21 83 -37 -93 -95 -92 28 85 -16 -25 -90 21 15 -79 38 -48 -1 -44 65 -3 -8 -88 69 95 55 -17 -52 -51 78 29 38 -67 -11 -72 63 57 91 74 11 12 -1 -9 73 56 44 73 4 -78 42 -68 -88
7 -76 -87 -6 86 -71 -84 28 63 19 -5 39 84 -34 42 71 8 -11 95 -51 97 -23 -63 14 -7 -5 25 -38 -20 67 -66 4 37 94 33 25 72 52 -28 -10 8 51 46 -57 -91 16 12 -98 -50 92 -16 -58 50 -59 -87 39 15 54 -53 13
32 -9 39 -43 41 57 -34 -32 18 -64 21 -16 -58 -67 4 -2 -73 -7 3 -94 -38 98 -25 68 66 30 40 -33 -83 98 80 0 73 20 80 86 -76 44 -6 2 -86 59 -37 22 26 -71 -31 -32 -24 -56 -15 -72 -97 -63 60 -58 -51 36 -61 33
-49 82 2 58 -69 -85 83 -99 -31 29 -44 3 44 13 -76 -47 74 60 -23 -87 5 79 -11 -93 18 20 80 -76 39 72 89 20 40 42 -96 9 17 18 -89 -4 4 -98 -94 -16 -15 5 -73 -40 0 -30 -17 63 15 -2 -27 -23 -23 -56 -86 -12
-1 36 -40 -9 63 44 89 6 88 -5 44 -21 75 22 -24 -31 -25 -68 62 -25 -45 75 92 -77 -40 61 48 -15 -2 4 -6 35 2 84 64 -18 28 -98 -83 48 -15 11 -48 -7 44 -10 -75 -47 61 -32 -95 -85 -71 -47 -17 69 -52 -3 -84 49
-50 70 67 58 -30 -59 -62 -68 67 65 -85 2 55 -21 -22 38 17 96 73 4 -72 11 1 62 28 -17 32 -4 3 78 39 25 7 73 -86 -12 -59 -62 57 -58 -34 60 58 -34 17 55 21 48 -30 -93 -46 73 -63 8 83 -8 -66 6 -78 1
69 69 31 18 84 78 67 0 43 98 -92 5 -74 -2 -22 21 2 -27 30 13 -83 97 59 37 46 50 -16 39 48 -26 75 38 -33 91 -54 57 -72 -66 43 14 -97 -30 -46 -41 79 32 -89 -94 -67 75 -26 -99 -18 -70 -19 -22 -42 -25 52 -15
66 17 94 42 -7 69 43 -56 -81 54 -90 -91 74 77 35 -82 88 -29 24 -43 71 61 84 -35 59 -31 45 -93 -85 -32 17 -37 29 68 95 73 -18 61 79 4 -67 83 42 -52 52 69 -11 32 90 -85 -29 75 -22 -76 -13 -23 -15 15 -95 78
49 -49 -20 -58 58 -51 -28 81 61 47 -10 86 38 29 -40 59 -46 -63 -49 -4 59 27 -41 -33 68 27 -74 92 -77 86 -22 -3 10 -91 33 6 -57 -43 91 -38 15 45 54 85 -85 -95 27 78 16 10 6 -87 -31 73 -9 85 89 94 98 31
93 -81 37 42 -12 -67 -98 -58 31 -25 -56 -48 69 -73 -86 -6 -43 -29 50 -60 20 -35 61 -31 -86 99 97 90 -65 -46 67 82 -36 11 -34 -39 -99 -22 -69 -68 77 -39 -9 -58 65 23 63 27 -87 58 -84 -54 -41 75 -24 51 17 59 -55 54
-4 46 51 59 85 -43 -57 9 -13 -8 97 -9 -22 48 1 51 80 6 77 18 91 87 -65 -26 -81 -9 -67 -14 73 75 -78 71 -82 -8 69 -4 -37 -28 65 21 26 -50 39 -2 6 80 79 80 28 -6 -10 81 83 -33 13 47 20 -39 92 79
51 -84 26 40 -56 69 -32 84 -92 -17 64 -85 -29 63 -92 -87 8 7 -73 91 -53 -97 12 40 78 66 -50 -14 34 -71 11 13 89 -89 71 -6 -42 -48 -79 -52 64 -4 99 20 30 64 29 -27 -96 23 -22 72 -27 -8 -16 -28 -76 95 44 -23
41 -71 -67 -19 -92 -86 -54 -27 53 39 4 -77 93 94 24 2 89 28 -10 38 -35 83 -50 -43 -85 61 28 9 4 4 10 83 79 -39 -49 -32 -1 3 86 -32 6 -43 -38 60 85 8 -3 -65 -46 -76 26 13 -42 -58 -84 62 -15 -49 90 52
-23 -45 8 -12 61 -46 68 80 -90 57 97 -3 28 -21 -61 -45 47 85 80 51 -69 2 -97 70 96 47 -29 42 10 -5 47 21 29 37 56 -27 -45 -72 -5 39 8 7 -10 -8 70 19 1 21 62 93 -61 -89 -90 88 66 73 -15 -48 96 19
68 -57 82 97 -34 99 -8 -52 62 -62 89 41 -36 -91 32 -39 -50 70 -10 61 15 31 68 46 5 88 -85 12 -9 -94 56 33 69 81 86 83 26 37 68 15 60 7 40 54 -25 83 37 7 89 5 -27 -68 -42 -59 29 43 -66 29 -27 -26
-32 -65 -83 -35 -25 82 -17 -33 -64 -90 -95 51 -89 -50 -59 -73 81 -67 -25 47 -29 2 64 61 55 96 -17 40 53 -68 75 -83 54 -22 -28 51 41 90 -7 -95 36 84 63 -63 76 -21 70 72 68 20 -85 48 10 98 89 -13 34 84 -64 -74
24 69 44 -39 -70 -71 -79 88 4 95 17 -36 -98 4 -63 50 38 -90 -4 61 23 17 25 6 56 1 -26 6 -88 91 23 86 84 -1 -8 -61 -40 -75 9 85 42 95 64 34 76 69 36 79 92 76 -59 42 8 26 50 -75 7 -77 65 45
42 68 1 -11 -94 -34 -74 -15 32 -85 -20 60 -78 -84 -67 -93 71 -29 -3 -21 -36 -42 12 -76 6 8 -68 -99 -62 76 -69 55 -56 -43 7 73 17 -27 -19 82 -17 78 47 -53 -91 42 78 40 -13 98 80 -17 74 20 -5 -18 53 -67 -9 -22
48 74 28 53 -10 58 -83 -81 43 -28 32 -36 -54 -13 -98 93 14 73 -68 -30 1 73 -79 -78 -17 62 14 -67 -5 54 87 36 -6 98 -43 -97 -19 -20 -16 -81 -82 -61 88 43 -34 45 -35 -39 -85 48 -15 -73 -74 88 -56 52 75 -99 -49 -57
29 87 -45 -48 78 -74 -46 76 11 -19 79 96 42 -40 -14 58 58 3 -60 -19 93 -99 93 57 74 -66 -26 -28 66 7 47 -57 -72 51 -53 39 -78 -43 43 29 74 -91 -55 41 40 -33 13 68 -10 51 69 -93 -7 0 -99 54 62 76 66 -69
-82 -1 -13 12 98 65 98 14 94 -89 -86 -13 -84 -82 71 -42 42 17 59 52 87 55 -16 45 56 60 -31 79 49 5 -55 49 -42 86 -89 55 -98 81 63 -17 -95 -99 -69 76 -51 -43 36 49 79 -9 -86 85 -30 -74 40 86 6 -74 67 -34
17 99 -22 88 84 -28 -32 29 47 -63 19 46 -16 62 79 24 -7 -28 -69 -3 65 -45 41 29 -73 -65 20 -46 -86 74 -12 -38 30 -47 76 86 19 -50 49 39 0 7 69 -52 -61 42 51 56 -76 86 -76 -92 -63 -33 -97 78 -37 -9 -77 -10
-15 -92 72 4 78 -3 5 27 -29 -52 9 56 -61 24 -89 -80 90 -69 64 -69 30 -56 85 73 -26 -38 -34 -98 -50 28 -40 -70 -11 -97 -70 30 86 28 -40 10 -6 -92 -25 58 53 -11 -9 -39 -10 87 77 50 -89 -38 28 -70 -72 -87 -40 -2
-60 95 69 16 73 -67 21 46 73 53 63 -88 -24 60 77 -28 -10 16 -61 39 -32 18 77 68 10 -57 47 1 14 71 -50 54 -8 34 28 40 -87 30 8 -47 -39 -37 -95 -57 -61 -91 14 44 -90 86 11 77 -34 5 34 -18 24 -60 -1 -89
-19 -36 1 -85 90 -32 -8 -7 34 -62 41 23 -95 36 -1 -87 -39 73 -65 35 -73 -38 55 -71 -56 -18 -32 -57 90 32 17 -75 72 73 98 -4 -49 -58 34 39 82 -81 52 -44 64 -31 4 70 83 -5 -66 -33 -22 -3 -10 44 -79 52 21 41
-69 28 90 -9 -92 19 92 81 43 -48 -3 -54 26 -75 -60 75 -98 -5 -79 -6 -61 93 72 -15 -96 -84 -44 57 -35 -82 -37 -93 68 56 -69 -14 83 -19 -88 -11 -62 60 57 -66 -33 3 -35 80 46 85 68 -48 -91 -14 -47 -80 75 92 30 -75
-8 79 -99 -27 72 -70 77 -55 71 83 -25 67 -99 31 46 10 47 -2 -42 -22 40 92 -62 12 19 -15 24 72 -84 33 -93 2 -74 -79 37 38 -26 -71 -84 26 73 -5 -82 -40 28 20 -39 75 -71 -36 71 -10 83 -88 -89 34 79 93 97 -59
-20 -29 59 20 37 -64 37 -23 -86 -74 -7 -66 60 -22 37 6 -47 97 -79 71 -66 -64 55 67 -21 20 54 64 0 49 33 0 -69 24 -90 70 -41 75 -85 -13 -81 53 -99 83 -51 -29 19 33 94 21 99 -24 -23 -72 25 -57 -50 87 -2 4
93 -39 -14 81 90 0 -88 -19 84 -93 -4 -68 -59 -20 -13 64 -98 -63 10 -55 -15 -12 69 11 18 72 -46 -79 -22 20 67 -83 -84 69 17 -84 76 -47 -89 -26 -1 63 34 -66 -84 -80 28 -31 37 -22 92 49 76 -29 -44 -29 24 -11 -9 -16
-38 -22 14 -75 62 64 76 -85 92 -22 50 -96 44 4 85 31 -85 18 -60 -3 -67 98 -26 -82 71 -77 84 -1 10 -84 -60 -12 98 57 -45 12 -25 79 42 -17 -43 -28 -97 -74 50 47 -43 -38 -75 82 -60 -97 91 2 32 97 56 78 -18 50
-57 16 53 -21 29 79 -91 38 84 1 25 17 82 82 80 25 -44 48 -45 -36 23 9 57 43 93 -77 70 -73 85 -12 74 77 8 -89 -48 13 -2 -63 41 58 -88 -60 25 -6 80 -55 78 12 89 37 -8 73 58 -8 49 -59 -18 54 -18 39
85 -44 99 55 95 -95 96 -83 -41 -67 77 88 33 -99 -73 -83 11 57 -99 -23 -41 -68 83 -5 -50 72 -60 24 34 -45 95 -31 47 -91 21 24 47 -14 -44 75 6 80 -48 -10 88 67 -24 -52 -13 58 -24 -34 -72 91 82 30 -23 19 20 -98
-60 -7 83 -29 -76 -35 -74 -52 44 82 92 90 -54 -93 79 -60 -59 71 74 20 5 4 -59 -46 -66 -17 98 84 17 -12 -62 94 -3 67 96 89 -16 18 31 65 -3 12 -33 -17 5 80 -63 -27 -67 0 63 -11 -5 -70 -96 -73 33 -25 8 -80
-96 13 3 64 -11 29 74 -72 62 -66 -36 -1 -69 14 -7 5 23 -8 -7 -14 -6 -89 34 43 11 21 -3 2 95 -96 63 -73 -50 -38 23 -87 95 -10 99 0 -27 46 -30 -87 43 -50 -2 -76 -10 58 -52 72 -6 -63 -33 88 -68 -69 20 -38
-32 -97 98 1 93 -81 -66 -56 -4 96 25 -96 -18 37 -11 74 -63 -4 7 90 61 -39 42 61 -97 31 -41 27 82 54 42 -33 -64 -17 59 31 -5 -81 -13 25 -76 -46 75 22 97 55 4 -11 34 -47 -90 49 -29 -9 -39 -37 -19 60 60 18
-37 36 -29 23 -15 99 67 -8 -14 -83 -2 47 -94 76 -54 33 -12 -59 99 -40 23 -57 -47 31 27 -78 -52 -39 48 24 26 -84 -1 -7 61 93 55 -97 22 -84 99 71 -5 -73 -68 -84 25 30 -92 -48 -21 -4 -76 14 -61 -83 -20 9 12 -79
59 32 61 72 -24 85 -65 76 -54 31 8 55 36 0 -52 -5 -87 47 -81 4 26 41 -4 85 -2 -44 4 38 96 8 -14 53 -49 11 10 31 -37 -30 -2 -1 48 47 -81 97 41 -99 -93 25 -38 88 82 31 -82 -65 -47 86 -51 23 51 -72
32 -13 78 71 36 -23 64 27 61 -41 -66 2 -69 -82 -69 -64 -86 -57 17 -57 30 -76 -69 -36 -22 -18 -21 41 50 24 -8 2 -56 -45 -85 -32 16 33 -60 -37 -4 56 30 74 99 71 91 73 -75 -35 -48 -27 67 -24 74 -39 16 54 -43 27
-65 26 -69 -27 -55 54 -84 99 31 52 16 -54 -53 53 -97 -97 -32 42 96 77 -1 -10 50 -49 -46 -34 -65 -14 -46 -31 17 45 20 74 46 -27 -19 -4 -91 -31 -11 -86 -63 20 22 51 -68 41 -64 43 91 -95 66 63 62 50 89 9 33 -7
-37 -69 9 14 57 27 0 -23 -39 68 30 30 92 -69 89 17 50 -25 65 -35 -74 54 93 72 69 41 -43 -37 -84 -14 -12 47 88 75 -93 41 -58 17 72 87 -67 -9 50 26 88 -41 72 77 -93 -70 27 18 70 -19 4 14 -94 89 54 -39
76 24 -14 52 69 54 3 -45 60 25 -33 8 19 53 63 61 -25 -61 -41 -90 -73 35 -75 -61 -5 94 -41 -92 73 -44 16 -84 -45 -46 -95 88 66 45 18 -64 33 66 -44 50 -38 -51 84 -34 80 9 86 80 -76 47 -93 -87 78 -41 -42 89
-42 86 41 56 -55 -68 69 86 76 67 -46 88 -19 44 98 73 -22 -39 40 16 81 -60 -45 -55 -62 -40 -69 63 -21 -33 -11 21 -56 -16 -44 30 -41 88 -9 -71 48 -72 75 -79 42 -39 83 -44 95 90 -13 86 77 -3 11 -89 -87 -91 -69 10
19 49 3 -85 -19 -64 35 73 20 -72 -9 -56 33 -99 -42 56 -43 72 70 24 -18 96 -72 -51 -66 -70 31 -27 -49 -26 8 70 -44 78 -99 38 -93 -8 -27 -88 -14 61 -65 74 -6 7 9 -64 -98 -20 17 24 96 -11 -52 90 68 3 0 62
13 9 27 -24 28 64 -91 70 94 45 44 -55 -11 -18 6 -57 -70 65 -10 -55 -10 -40 -14 -92 -36 77 -43 -56 75 -50 11 -95 -26 -53 77 -1 65 -22 -43 -65 71 -24 -54 31 92 -20 42 34 -41 22 -68 5 -38 10 21 16 43 -40 -49 -73
13 42 96 73 5 -54 -54 -36 -23 0 88 74 1 73 95 -25 36 78 -61 63 -36 -75 58 -54 98 -69 -32 79 10 -26 -24 45 -7 -66 29 34 -34 -20 -96 -73 -25 79 18 35 10 20 29 -67 43 -90 -53 -55 96 -67 60 11 -71 2 17 -45
45 -65 -42 11 43 99 44 -65 -25 -25 51 -78 47 -19 23 50 -87 23 85 -12 -34 -10 -80 28 35 -91 88 -29 44 -78 55 -54 22 -94 -89 -81 -96 -89 -35 -30 -70 36 22 -68 49 -68 -34 89 28 59 3 20 -96 90 88 -97 -86 96 9 -25
-4 87 96 -96 -68 54 -90 28 99 89 -93 -8 41 -85 15 -13 -56 35 46 33 85 -88 -8 -82 26 83 -79 -86 84 -99 -2 96 60 71 -58 46 -58 36 90 50 29 58 67 -73 -22 -46 11 -25 -87 65 -1 98 -64 15 24 -27 -79 65 -31 23
99 25 -79 96 -64 -91 -38 7 -85 81 -70 -15 30 26 33 -45 31 62 63 59 18 -56 -50 72 99 -48 15 -6 -87 10 -85 19 93 7 -37 77 -31 99 11 61 -31 94 -22 71 -89 -25 25 -32 -88 95 -78 -73 -2 -5 84 8 -90 90 28 98
-53 -35 -49 63 -10 -95 -83 69 -14 48 -56 52 1 -37 41 -44 54 -86 -33 37 -25 -7 -3 -70 11 21 64 -82 -73 -78 33 -20 -92 -77 74 90 21 -18 92 94 36 0 8 2 40 -41 -34 25 -37 13 83 -13 -12 -87 40 -61 93 -67 -70 -95
-77 -52 -6 -53 37 -1 74 38 13 -2 35 37 7 5 71 67 -66 -42 18 20 97 14 -24 24 -94 -25 -93 94 81 -80 78 72 -3 -67 -49 22 -9 -20 46 -93 -50 -63 -80 -81 64 27 -58 -10 8 -97 -49 42 -42 -12 57 1 -57 50 -12 8
-96 -7 98 25 -43 -25 -19 -71 -48 74 -93 76 -14 54 67 -89 -21 30 43 -17 29 49 84 32 96 22 -51 55 -5 97 -81 91 39 -32 54 -44 -17 47 22 89 -31 -68 24 2 22 40 49 66 -25 -82 34 -34 -46 -14 66 81 11 -43 16 45
-28 74 -48 -24 77 -31 73 -99 -52 -67 23 -64 -22 -24 44 67 12 0 -42 30 -42 -44 -82 -38 89 -26 31 -5 32 59 35 46 -86 65 55 63 -7 52 -66 2 9 -88 87 87 82 -26 -23 39 28 90 40 67 49 -88 -73 88 30 7 46 87
-36 -17 50 -59 -32 -55 25 82 -3 -57 -68 75 69 -17 -33 51 -96 -46 73 2 -52 0 20 -47 71 -79 -91 -88 18 82 17 -86 -11 99 -89 4 81 90 -56 -82 -84 -57 34 -35 -36 -57 -3 75 65 65 35 -87 -43 -78 -44 99 56 19 -58 12
15 -86 40 -24 -26 -19 -83 -32 -41 -21 51 -94 -10 78 -17 91 88 35 60 -22 92 17 80 -77 52 -12 -43 40 -75 -94 1 -89 -89 -67 95 -5 31 -80 50 9 68 -12 59 11 -46 -66 43 15 78 -51 8 72 -63 62 -91 76 -91 29 84 -36
-88 -72 18 -3 52 -93 38 -35 -40 19 47 -90 60 -26 -98 -15 -72 57 8 -88 27 -51 5 94 98 8 -34 -15 58 1 23 -74 -76 54 42 80 8 4 55 43 -85 -16 -15 -34 -76 69 -34 8 88 36 11 -20 54 -35 -90 76 41 3 52 -27
78 -71 -60 -93 45 -80 -44 -52 -49 -83 22 20 -24 -20 -97 -98 -11 -14 26 30 -72 80 79 -56 92 21 25 0 70 43 82 -55 -33 -20 44 -30 -62 96 -9 -65 -6 97 15 -79 -9 -76 23 13 -67 -65 68 -73 61 -60 -81 83 -98 -41 66 96
-56 -57 46 69 -89 -48 80 -90 -70 51 97 -84 -75 -69 90 49 87 58 -18 -63 20 63 -74 19 -76 -6 -19 -99 -57 -69 -55 -71 -51 -26 -18 94 20 -63 11 -61 -38 97 7 71 81 -55 43 -9 64 92 -30 -31 -64 -79 -89 -49 -79 -88 25 -48
-34 44 78 93 75 28 -83 -3 66 -61 -27 -31 22 29 36 65 6 65 -24 -98 -71 -13 79 -18 -62 -78 -17 -65 -57 -15 73 39 14 -96 -24 -76 -31 -95 94 -22 -93 39 -93 -56 -45 97 -71 -41 -37 27 -29 11 -70 -36 15 -16 26 -92 84 92
