-55 -53 -63 35 -91 26 96 -23 18 -58 -96 -64 -80 96 -10 50 -14 -85 96 -28 -10 61 42 40 -46 7 -44 -75 60 -59 56 -25 77 73 -78 32 -64 -71 -33 -48 -42 41 43 91 -24 2 -62 -49 -78 -56 -23 -21 95 -5 42 -69 -13 -31 54 68 -24 -50 73 10 20 -72 -70 68 42 63 97 40 -24 75 93 76 75 16 -60 17
15 -28 79 -52 93 83 49 -3 42 85 56 -69 2 12 96 38 -87 42 -15 -55 -12 73 14 37 8 68 91 71 21 -17 -31 -1 59 -30 38 7 -95 98 -73 16 -27 -40 84 7 22 -46 -41 50 52 43 -21 -25 -63 -75 -26 -80 -65 -47 -29 98 -88 -12 -73 -68 91 -85 -62 39 -68 91 -44 69 46 -51 -30 -70 -98 -19 -51 -56
-13 72 26 -62 -97 14 -38 -63 -30 -46 -61 -32 67 26 -91 2 -58 0 71 92 -73 41 -85 60 58 68 16 88 -48 62 -28 38 -85 90 41 -40 80 -69 55 67 -74 -6 37 -91 80 -54 -66 -42 -71 33 71 -32 0 79 -54 17 4 80 -39 -96 -37 57 -88 17 -63 -30 91 64 -96 27 25 11 -45 61 87 -79 88 -10 -51 67
43 -97 -2 69 39 -63 64 44 30 35 -1 60 -98 -86 7 -87 -8 47 -24 38 47 -74 51 31 -35 -49 -30 67 6 -65 42 -82 -62 68 39 16 -45 -26 49 19 88 -13 -82 48 29 -55 40 17 -85 19 -84 -85 95 79 -99 97 -85 76 98 26 30 11 -78 -70 96 -32 74 19 38 -23 12 39 33 29 -42 9 45 -41 48 -56
-58 -39 96 17 78 -27 41 87 82 82 -34 22 -46 -13 65 -17 -39 40 57 26 -14 16 41 -81 68 87 -24 80 4 70 28 80 -46 69 12 92 25 -55 68 -96 -50 -84 9 59 10 -50 -40 93 16 -48 -35 -12 -92 68 33 -15 2 -95 26 87 98 -83 -97 23 1 -33 -56 -1 -81 6 -72 66 -15 -83 5 -32 73 75 -59 -33
57 54 25 -55 -88 -85 -96 92 -74 -21 42 -49 4 -5 -13 44 -50 47 -24 48 -85 42 29 -32 -73 66 61 -90 48 -82 -50 -70 72 12 29 52 7 -53 -65 43 -69 -76 49 77 45 -8 12 -60 -88 -62 -29 59 78 -78 50 -97 29 -20 -86 -54 46 75 -32 -4 89 -68 93 -46 -24 -57 24 -80 -85 -38 40 22 29 -74 -50 -88
-85 40 5 63 -74 -75 24 69 20 -44 34 -91 0 -50 55 -19 -16 52 -8 -61 69 71 29 -64 -38 85 -74 -69 -46 96 -59 -38 83 27 0 -33 40 -22 -33 56 66 -49 17 10 -46 60 73 15 -69 -41 94 -64 13 -18 48 98 -76 32 77 -2 -32 12 -5 -10 12 -90 39 -23 -53 20 50 -72 -17 53 -78 -31 -51 -11 -39 -50
85 14 54 -51 -69 49 19 -67 19 -36 66 84 -58 -42 92 73 -15 26 -20 23 63 11 -30 99 -98 -4 41 81 60 -83 0 25 30 -72 -94 -96 -43 11 -29 -39 69 -15 16 69 53 -22 -58 -41 -6 34 -8 98 -13 28 -35 98 -14 -55 -86 -83 75 75 -80 13 -61 -59 -59 51 49 -57 -19 -90 -6 -50 20 -13 78 19 -3 88
88 -53 22 50 -13 9 -43 -45 -19 71 66 27 -63 -89 -59 24 93 -10 20 -30 -89 60 -44 -66 97 20 -9 15 61 -38 13 15 76 -67 79 -30 93 -66 5 10 73 -73 -87 61 -33 -36 54 67 -5 97 2 -64 77 -98 46 -52 -87 86 90 -86 58 -57 47 -88 -55 -75 -41 50 -6 -64 41 -71 -93 62 11 -28 5 0 80 -67
80 -96 9 -89 15 11 85 -98 73 -60 -25 94 6 -50 -8 -77 20 -90 30 11 -8 -96 33 -48 5 14 46 -62 -5 93 -88 96 83 -2 97 23 44 20 -68 -70 -22 61 93 81 -24 92 -95 84 52 91 -97 65 -18 25 27 79 92 98 98 -62 26 89 -64 10 62 -77 -56 -49 85 32 54 93 64 29 -73 -58 -35 4 0 -4
84 20 72 5 65 97 -41 -93 -50 -71 -8 38 77 -41 60 21 -97 19 76 15 -11 -18 -55 -7 -67 64 -45 82 -99 -47 4 -78 -7 -37 19 88 39 28 -9 13 -5 83 -87 -41 -77 4 -38 18 33 33 -98 -13 -39 -66 -50 -36 -34 -2 -79 19 -31 -51 -72 96 38 36 82 -72 -72 -76 2 74 -93 -70 73 -60 74 -70 -59 9
19 68 56 -44 -1 -35 13 -58 -89 87 56 -67 -61 -73 76 -19 -61 66 2 5 26 -47 -9 -73 -54 -2 -47 -62 -4 -21 -49 -44 -6 -72 -70 -99 -77 -4 20 -46 97 -68 8 52 -59 25 93 -51 42 94 -33 -21 -10 74 51 92 44 21 -35 -30 -44 -59 -36 -46 79 79 -29 40 -97 -4 -93 -92 42 15 68 5 -54 -13 72 -27
41 -75 -89 -69 -49 34 -36 96 94 48 24 17 60 -95 76 -83 90 98 9 5 -68 -20 -52 -39 43 -80 -62 -42 -79 2 75 2 99 99 -23 23 -64 58 -16 -52 89 47 24 -10 45 16 -6 87 62 9 -94 -27 -5 32 -5 -96 -87 50 -93 -19 -76 -30 -39 -82 32 41 -41 -60 -28 -7 -56 -57 45 -27 -4 44 -6 13 28 -2
9 29 25 -24 -2 64 0 -14 -14 11 -91 -81 96 -26 -83 -84 -24 21 73 -2 74 37 10 -29 -65 -3 -92 38 12 -71 -89 2 -84 -20 2 88 42 -95 69 44 93 58 -52 56 59 -10 85 -76 63 -28 70 -27 -23 -30 -45 -1 90 -46 -71 -13 78 -23 75 -89 -44 -88 -76 -9 35 -43 -21 19 -52 -51 -67 14 -73 -61 30 -80
-80 48 7 -70 -55 -69 31 -45 -85 83 -7 -28 -2 30 63 74 57 46 -90 34 72 90 -1 11 -92 91 -17 -14 18 -95 94 97 60 5 -55 18 -22 21 -16 76 -32 -67 -52 -99 -67 -55 10 -68 -8 33 -27 53 14 66 -59 -97 -73 -70 -62 -40 -45 -4 54 -73 98 83 -76 -16 18 -20 49 3 86 -41 -6 -70 -39 -57 -5 39
-53 43 97 -30 25 26 72 -70 -34 -69 63 -22 -34 24 -41 -84 -96 85 -89 -2 -7 39 95 -12 -43 2 -99 -40 -81 -92 -8 -60 74 -81 74 -5 -27 56 -84 69 -40 29 -5 71 91 -8 -9 -19 -93 -24 82 -1 25 34 9 -12 42 49 20 47 -58 -68 -15 -40 -13 92 18 52 58 45 -63 45 -82 -32 -46 60 45 -71 55 -1
26 84 -68 81 -95 15 -15 -17 66 -25 -23 -29 -43 80 23 15 50 -37 -55 30 52 67 -1 11 -91 82 -89 -63 86 -52 37 -89 66 -51 1 -98 25 -91 -60 -5 76 68 68 48 39 -85 -21 -30 73 -65 75 -72 -51 -80 90 32 52 -42 -85 47 -7 81 25 -56 -3 -39 -35 6 44 35 48 22 49 8 19 -61 16 84 64 -84
-47 -16 97 62 46 31 -56 -78 -71 86 -53 -20 17 -83 97 60 -33 -90 -64 4 48 -49 -57 -98 78 60 24 -16 -60 92 -12 -64 -61 -43 57 -74 33 -12 63 27 80 75 -56 -3 81 85 -16 92 -38 -64 -12 85 65 -2 65 -15 -9 41 -89 63 -43 -54 -89 82 -60 -62 34 6 -83 73 1 11 12 72 24 64 -44 97 -40 61
-2 -48 -30 -21 20 -69 33 -35 66 -78 -80 98 -63 -30 92 73 9 53 -31 18 16 -12 -22 -90 77 42 -86 -62 75 -96 -78 75 6 49 -24 53 -93 12 -31 65 -24 47 -54 -23 44 61 -99 -80 91 83 -30 4 33 84 -56 -71 -58 -65 19 25 89 -90 -28 -85 -66 38 34 8 -33 43 56 -37 18 65 -20 66 59 -65 -93 46
57 -90 -68 -77 -27 6 -81 -57 95 88 20 -93 -60 -68 -38 -98 -20 51 -22 78 -83 4 -34 -85 -94 5 -11 -51 85 26 22 -7 31 -97 17 -7 52 11 -20 -90 -61 -89 -58 -27 76 -3 89 16 -89 21 -43 87 -36 -21 92 -93 -11 -73 -99 -98 -41 67 -40 -34 86 34 7 -83 -98 -54 -59 -73 -48 -81 76 59 29 49 -13 -1
-32 38 74 5 -71 26 11 -64 53 53 5 -50 24 -56 71 -84 7 -88 96 95 33 -80 -4 18 -1 -47 -76 -35 7 81 47 -52 86 -68 55 -62 -12 -15 -83 24 71 -12 82 -7 49 -62 63 -49 -38 -49 -90 34 39 -32 35 7 -90 65 -97 -30 -19 37 -69 12 61 -41 -9 7 -58 -68 -40 -68 -52 -42 4 -44 -4 0 -89 -50
-93 -46 30 -52 -16 -11 63 5 6 91 -17 -38 -68 -20 65 78 -25 52 81 34 12 31 -69 51 -23 -65 -30 27 48 67 83 -99 -7 54 74 7 -3 46 -94 19 98 30 -21 90 -47 18 51 -43 -34 -25 -80 -6 -42 2 16 -16 -5 16 70 30 -70 94 2 96 -80 83 61 -76 -92 -80 -8 -11 -72 77 0 -73 -66 -90 50 68
15 -85 -43 -91 -89 -66 5 71 -61 81 7 34 66 -99 -51 4 -51 -89 -79 -35 16 1 -52 -97 -78 -30 76 -31 64 -46 54 -98 57 17 97 -32 -74 -57 74 -21 -23 74 74 86 -31 -33 41 -19 -79 -29 2 -74 44 60 31 17 64 -41 66 -34 18 -42 -92 95 24 99 92 83 -34 -26 -72 70 -46 -32 -57 -30 86 72 -91 96
-42 -83 -85 -94 44 10 86 48 -48 -71 17 -33 -7 24 -23 6 -10 -82 -7 -87 -72 -80 21 50 25 58 -86 -11 86 -66 -93 -82 -30 83 76 10 -25 93 62 91 74 -92 -35 -20 -72 31 -27 58 -61 93 -79 88 -67 27 69 -62 6 -1 -63 -17 -92 98 63 6 19 -61 -38 89 -66 32 36 -89 -37 -9 -72 -91 -40 -94 61 6
81 31 4 -38 32 -11 58 -63 9 78 68 -8 23 -18 -59 -83 -22 85 99 -59 26 -81 64 98 -76 1 -89 -52 34 5 -5 31 -19 -51 86 -24 -78 -94 45 27 48 -73 38 -90 95 -99 83 -94 52 -30 -47 21 -96 -37 -1 26 -95 -66 22 -97 -23 -9 70 38 93 33 10 87 41 -41 -53 -95 -2 41 83 88 84 17 -4 61
7 47 -13 5 -7 75 66 -75 -97 69 75 -26 60 -64 76 9 -52 58 -21 69 -69 -31 -60 -76 -13 27 -59 -29 26 -26 -28 -60 37 37 88 -32 62 -79 71 97 -66 -57 15 -44 -19 78 78 -74 61 15 50 48 16 -48 -56 -1 31 -42 18 -83 -33 57 -62 39 57 -52 68 92 -73 -80 -7 -3 -81 78 -38 28 -24 -10 -65 -26
22 70 14 74 77 -68 -25 51 -77 30 -25 14 63 -53 4 63 62 -25 -78 -96 -37 91 38 3 -90 -54 10 -47 48 -86 36 47 -89 -91 13 -7 -71 -97 82 89 -95 87 76 14 -33 -53 -23 21 61 69 -35 17 -36 -57 76 20 64 47 66 -21 -84 -98 91 63 -70 -87 -5 -93 3 -25 -13 88 -16 38 -71 -88 32 11 -54 4
81 24 79 37 78 70 -95 -72 78 -98 32 -8 -78 35 -60 2 -86 29 -10 -13 52 -15 42 -48 -11 -63 -85 -45 -84 -55 -86 27 -96 53 -34 61 53 51 -57 -78 30 -7 67 97 -66 -86 88 85 -52 43 54 -69 -79 -69 30 48 -42 88 12 -6 27 -82 24 43 68 -65 -49 -8 -45 -14 22 -1 -24 -67 8 92 81 -19 -25 -94
-57 12 -39 75 34 83 99 -26 65 89 57 -92 -9 -26 -60 61 42 94 45 99 -45 12 3 2 61 99 60 69 57 -41 83 61 98 -95 -83 -10 -75 -68 -70 75 -94 34 -82 -40 30 -8 5 -13 77 -74 -97 91 -62 56 29 -46 4 1 -1 27 -8 -8 -41 44 58 -55 -57 -75 -51 -51 87 -31 96 -64 -13 79 -29 -20 -72 99
-67 -39 -2 -48 -69 -77 -10 -43 -63 37 38 3 -64 -44 -1 -41 -29 19 6 -22 -54 4 -34 -47 -62 28 96 29 3 -89 -47 93 -70 -67 85 27 72 -97 -96 62 73 -38 67 -19 65 82 36 10 41 96 -8 72 46 -66 -49 44 -82 -3 -82 24 5 91 1 93 0 -16 -95 94 73 96 -80 59 -94 56 64 -53 11 36 96 -88
97 44 14 65 64 51 87 10 -13 37 92 11 -32 -31 94 -2 11 -11 -24 77 78 -72 -89 3 -84 66 90 -5 -9 46 65 -88 -57 8 -71 -23 97 95 -70 70 -55 -17 -12 -46 -59 46 48 20 64 -24 66 -17 95 -72 -95 27 11 83 73 39 -34 -73 -69 -14 -67 -79 -3 68 20 66 38 -58 -96 43 -60 31 21 -46 21 41
13 -83 72 -63 27 -87 49 20 -11 -75 -26 -53 -9 43 -82 -84 -97 49 10 -8 -50 97 -18 21 80 84 78 27 67 48 78 58 -31 -41 -73 10 71 67 58 93 -63 35 70 11 -94 -7 67 -27 -20 44 76 -94 28 -74 -67 -94 18 -75 67 -26 -2 -74 -39 92 -58 39 19 99 -49 -12 38 70 29 -71 81 14 -15 -52 94 -27
-50 82 18 33 28 -45 56 -22 29 70 -41 -88 -56 -73 29 19 -70 -34 3 -37 -41 40 62 -81 21 -9 -73 -62 88 -51 68 90 -46 -60 95 48 -12 -6 18 -12 78 -55 -38 44 -86 60 33 -66 -19 -82 68 36 17 -35 -51 -83 3 72 -19 -4 28 3 -15 9 -2 -5 46 -12 9 -24 52 67 4 -52 42 94 3 -33 88 23
92 82 -93 -65 -72 -60 -16 54 -81 -59 16 53 -61 -3 36 -39 -93 23 -22 69 94 26 -47 -78 8 -6 -18 76 77 -2 32 48 -50 -53 -49 -61 -27 21 -11 -36 34 30 -26 54 -55 46 6 -23 -68 26 36 -24 96 -41 85 81 94 -18 -34 -92 88 -33 10 41 -49 -72 -39 27 91 84 -54 15 -21 32 -43 -61 78 -34 79 -68
8 32 -12 56 -7 -49 42 1 74 -16 -62 -30 24 30 61 86 -57 -14 -26 1 34 87 24 79 45 -89 -98 -82 91 -87 77 -9 -79 -13 56 -78 27 -89 -90 67 -56 -52 10 73 16 -43 41 79 -87 52 -25 49 63 -57 58 -47 57 66 14 10 -43 -47 -72 50 -54 -76 -87 3 29 -78 27 -34 41 85 -81 19 95 -80 45 66
-69 -54 57 -30 97 17 40 -71 67 43 36 57 3 -44 -3 -12 92 -22 69 8 -83 -43 96 -49 -77 4 -21 26 -90 50 -38 71 -76 83 -46 57 76 83 86 80 78 67 24 -93 65 59 -38 -70 -32 -85 26 37 -44 70 -57 15 47 -16 -23 -53 -76 23 -16 -85 63 -38 43 -88 32 90 -12 89 23 37 -48 -2 -38 -97 29 -18
-22 -79 1 22 50 -98 -63 89 90 -79 -71 18 70 53 -65 -2 -96 65 70 3 -97 24 32 -35 48 81 64 -34 -41 -26 -62 -98 -64 -56 -65 -66 -32 -66 -99 31 69 94 31 63 -59 -25 -87 -31 -49 -5 16 43 -11 98 96 24 -81 -26 -93 -27 -42 62 24 6 53 -26 -47 -35 22 -41 -15 34 11 -35 -22 -72 5 -44 1 -50
12 46 -28 73 58 -19 60 88 50 69 72 52 -43 -83 59 -20 37 55 91 -68 -73 86 93 -88 12 24 -18 61 33 -11 -11 1 53 -35 -95 -2 -88 -71 96 17 27 -9 -80 82 70 68 96 36 -45 -76 21 90 77 69 48 -65 -71 -32 37 -39 -98 -17 -57 9 59 77 34 -91 -12 -27 11 50 24 31 -74 95 -33 -77 89 75
70 -73 -48 2 64 -36 82 -50 72 -64 94 -29 -26 -29 -51 1 -98 46 -19 6 42 -72 -4 42 -23 -61 42 -35 20 81 -18 -72 99 -71 -26 -50 14 32 -49 58 -89 -96 48 48 87 -71 18 -24 -65 -7 -20 -2 51 1 54 82 -35 -61 13 75 59 -15 71 -41 63 -29 -91 12 -97 -67 72 -50 -80 -67 32 7 -5 -12 65 -45
79 20 -51 52 20 -96 -60 -63 -93 81 -42 98 94 -13 10 -55 -8 1 92 -21 28 -80 7 -16 48 -42 61 -49 -5 32 -71 95 -96 94 56 49 -2 72 12 -86 -57 -30 54 89 74 60 -9 96 -71 3 63 45 67 -39 46 85 -87 -39 22 74 -76 77 75 93 61 -94 -81 -61 -71 -21 65 -87 97 -94 -95 38 -54 -63 61 -99
-52 -83 -39 19 88 56 -77 -40 38 -54 -73 -36 -37 -94 8 -51 -93 30 35 -71 55 -57 19 97 69 43 -49 -99 41 -50 22 -30 77 -21 0 81 -39 -61 56 -92 69 -96 -33 28 23 90 -99 0 -50 89 91 -74 -66 -47 -66 -66 19 13 -53 52 -29 -5 96 -23 4 38 -56 74 71 -92 -76 91 -75 89 95 31 77 -81 -80 -93
-67 66 -52 -11 53 -33 38 -79 -17 -37 1 -85 16 90 81 70 -34 4 90 66 -1 11 35 -32 -30 -82 -99 57 -31 -92 -31 9 -30 -39 -32 64 -39 -39 14 -75 -61 83 88 8 49 74 65 1 62 -66 41 -6 9 0 -9 -57 -64 -11 -35 48 68 -56 49 -2 -48 73 -8 68 49 25 36 92 -45 -68 -97 23 6 44 -60 50
-87 -41 82 -27 23 73 2 99 11 13 54 -32 36 22 81 -26 28 -56 14 42 -74 -6 -75 -55 -69 -18 -54 88 -79 23 96 -53 34 -68 13 -46 -8 -84 -17 11 57 27 89 14 -21 -36 13 68 59 44 87 -99 -27 -16 -40 -69 95 24 -32 -2 -92 -51 -95 22 -23 -42 -73 -49 -56 -35 -28 -57 -36 99 -3 78 93 31 43 9
63 -97 -14 -37 -64 6 -31 -16 -60 -69 1 -23 21 -72 97 10 -60 -14 -74 -18 37 44 19 -77 -73 -45 16 69 -44 -98 -51 41 -1 46 89 -62 24 -12 -56 -46 -41 75 18 16 19 82 90 58 55 35 73 -54 87 81 -44 96 38 44 -96 46 24 29 -19 -51 -24 -52 73 -64 8 42 60 89 -27 88 33 40 79 -97 -60 98
45 25 -89 -7 -74 35 30 61 -85 -41 -29 -88 57 -6 56 8 -50 56 15 18 -76 83 76 -78 56 7 86 8 16 27 -5 -96 -74 50 19 60 -15 -54 -48 -54 28 -22 -23 40 85 -44 96 -82 99 -27 -73 33 33 -57 4 67 -6 71 45 31 56 78 54 -22 -39 85 58 -77 20 -53 -11 -55 -48 41 24 37 94 -21 -97 12
-50 5 25 -97 68 -26 23 -65 -68 -40 -35 73 2 -9 43 -3 -21 -13 21 75 18 -63 14 2 99 48 16 63 16 65 -52 51 20 57 -58 -40 -31 40 16 65 -35 -93 -17 53 98 -70 32 -26 -59 -48 -73 55 -73 77 -20 -41 -87 -14 -19 34 69 -5 -13 53 -75 -82 69 -54 81 2 92 -31 27 20 -56 -24 -8 62 55 12
-30 -90 53 -64 91 -13 77 -98 70 47 8 68 25 -3 65 87 -45 -91 -14 31 24 37 74 -15 49 -9 -22 52 -21 -33 7 85 18 -81 14 11 66 0 91 21 -5 -14 29 -85 -54 -49 -26 51 72 73 -79 -28 63 -86 73 -59 64 4 15 -84 -53 -79 91 -10 30 16 -95 85 -44 -26 80 5 22 71 -68 8 46 -44 45 -2
89 30 -65 5 91 45 -65 44 79 -51 51 49 -42 47 -16 51 44 -20 64 54 6 95 -4 92 28 71 -88 36 -43 -68 5 18 -98 90 -8 -72 -20 56 -35 14 85 -88 -47 -50 94 33 -77 -8 -11 -15 87 -33 69 32 -22 90 30 -40 -1 15 -4 -12 -95 15 -14 -28 99 34 84 45 6 -13 74 47 -27 -2 -54 14 16 -36
-83 -66 -93 -87 -16 -32 15 58 65 3 -7 -9 -67 -51 56 15 90 29 -68 -60 12 -80 31 62 -63 26 1 -33 -22 -49 91 6 -4 -80 46 -90 65 -11 -2 -73 -10 -90 -45 -32 29 -99 -53 -20 -95 11 42 90 39 44 -74 37 85 62 -48 72 -80 -30 7 -5 18 -53 29 -59 16 82 -89 -15 -9 -1 -36 -75 76 -79 87 -93
-90 -56 0 85 61 -32 27 -55 -43 50 -39 -93 81 -14 -77 45 9 -25 -45 -46 -95 -4 -48 57 86 -86 -5 -2 36 49 83 74 -40 -77 -99 62 -9 7 -9 6 -72 -37 -41 -1 -21 -73 93 -38 90 -90 82 23 -42 78 23 95 22 -99 54 87 84 -40 90 4 7 -49 52 97 -32 32 86 59 23 12 27 -47 -45 -98 61 -12
-52 80 82 -70 -56 41 73 -95 -45 -24 33 81 -71 70 1 -9 75 7 4 -33 75 82 -4 32 -71 19 18 -53 -10 -27 -76 56 -82 29 91 -33 54 -75 92 -67 98 62 -50 35 -34 71 62 -37 -92 36 -40 -27 82 -91 1 -55 30 23 22 -79 98 19 -72 -49 40 87 -62 24 -34 -4 -22 -24 -64 -22 -59 78 -14 32 56 -64
-30 -46 23 77 70 68 -97 9 54 16 64 -26 80 -3 99 61 -57 -64 41 -59 33 -42 59 -27 56 69 -86 -71 -9 88 -74 -66 -56 77 13 -2 29 -24 -8 47 93 58 83 -1 61 25 19 -93 25 16 80 -7 -97 -9 21 37 51 -61 18 -70 80 -9 -92 56 73 12 -44 -44 13 12 -39 -4 90 -24 -16 46 -3 -57 80 12
-64 -23 73 -83 -18 17 -38 20 77 91 84 75 -72 37 13 -83 -32 22 51 49 -86 87 77 44 -40 -50 -62 51 -25 -81 93 14 54 -10 94 -86 -95 -28 45 -8 -66 40 60 55 -94 -65 -99 -68 41 12 -72 -87 -14 -99 -95 -64 -24 77 -77 -81 92 -49 -78 93 2 -21 -28 -77 -13 0 -6 -58 21 -67 -5 24 54 -41 26 -15
-76 80 23 99 -27 -42 -89 -15 -40 60 -72 75 -2 -4 49 84 50 -37 66 -94 -29 -24 74 -44 -33 -95 -52 3 31 9 54 53 25 -69 -71 -61 34 -46 -42 12 -60 -52 68 50 35 27 94 33 3 -1 84 -36 -80 -45 85 -91 -55 -74 4 80 -78 30 89 -17 80 80 -24 -56 97 -10 76 90 -35 39 -38 -38 66 12 8 76
-20 53 44 -85 85 -13 -81 77 -95 85 13 -54 -7 46 -41 21 -16 42 -27 47 56 86 -89 -30 1 4 -15 -62 5 -81 65 54 89 -62 -60 74 -67 -56 -48 -63 21 84 -14 48 17 -88 -87 17 -98 -55 15 93 -62 -85 59 -97 -49 0 46 -22 -39 -71 -62 92 7 8 -6 0 -97 1 87 71 -79 -42 -86 -99 66 -5 35 59
-42 13 -15 27 -88 58 46 25 -81 -22 -3 -72 -71 99 44 -63 -80 55 23 28 -7 61 18 -81 30 22 -46 -97 -80 79 -25 66 -48 -12 -32 72 36 35 45 -54 75 17 56 33 -83 -20 -3 -22 -74 -49 -9 40 -56 -99 -51 7 -41 -59 1 -11 -88 37 77 51 42 92 79 -16 -9 -74 -5 -83 -70 16 -7 -35 -26 37 -40 -87
8 78 -57 95 -90 -16 97 -10 -75 70 -75 35 53 60 -22 28 45 -14 -35 -16 42 -99 40 -64 -54 -46 -23 42 92 -27 -2 13 80 -64 -2 54 -16 -21 62 86 23 36 53 39 47 -1 76 -69 93 96 -71 31 93 27 58 -53 11 27 -37 85 26 -92 -3 3 -97 -16 -1 -83 -71 -59 70 -42 7 85 -97 47 -83 45 -25 42
30 -28 37 49 -92 43 -91 -15 18 62 57 -97 -73 0 -41 -95 -50 -19 51 48 62 -2 45 -91 -31 13 72 57 69 72 5 1 -79 90 65 -5 -38 49 43 97 84 74 78 -12 -96 -91 53 -91 68 42 -90 -51 -12 71 32 40 11 39 -77 -22 45 -34 47 2 -61 -5 -73 29 -95 -51 36 61 -1 62 -87 50 -69 32 -7 21
-45 -38 45 87 -68 -91 92 -67 -40 -85 31 -96 -41 -28 86 -58 35 62 -60 -31 -63 72 -47 77 65 81 -38 64 55 -50 -57 24 -75 23 40 -26 44 -25 -13 -17 62 60 23 -38 29 -56 -72 34 -51 39 -61 -3 -99 -10 22 -95 -92 98 -1 59 23 -54 -24 -85 -74 3 -33 33 -9 47 7 28 -30 -35 -20 -52 -87 -92 34 31
69 -56 4 94 70 37 26 0 -88 -60 32 -21 -29 -82 98 9 45 42 -57 -24 7 12 -26 -54 -24 1 -37 -36 -53 -86 -42 40 -81 47 23 45 -33 99 9 17 -99 -55 -64 -89 80 -91 74 -63 -18 39 33 52 32 2 27 -1 -51 82 57 1 -86 -86 44 -56 81 56 -3 -49 -71 46 -20 -54 87 -83 -47 -37 -31 -48 72 -43
-68 60 93 -51 25 63 23 -74 12 -27 82 71 -32 65 47 82 -52 -36 19 49 80 19 -91 -2 -11 -99 -57 -64 12 -12 -17 -23 32 -20 50 41 64 -84 96 6 66 -13 62 -80 -77 -26 -20 -52 -3 -73 54 -22 -14 -62 69 -46 93 26 -39 87 -24 -30 -86 53 86 20 -89 -69 -45 -75 80 58 -86 -94 -8 32 64 64 -83 19
5 77 -15 13 98 -29 39 93 55 -70 46 -45 5 -92 44 62 74 36 14 -29 19 84 -76 9 -80 -40 37 -40 -19 78 91 -15 96 26 9 -57 -21 29 26 76 3 -4 -81 76 -10 -56 72 -94 44 -90 -35 -72 79 -45 12 59 -43 21 -26 99 53 98 -30 12 41 15 71 -58 -80 72 49 -45 -27 41 58 8 15 27 -19 43
-4 79 -21 14 -9 11 -56 -56 -73 50 63 82 67 -71 54 98 41 76 48 43 16 17 -3 69 42 -50 40 -84 -44 -53 -63 24 72 -49 42 -75 -45 -21 -56 55 -58 -57 89 -12 -65 28 -95 38 74 9 -20 -75 -61 32 -80 -90 -28 -6 -7 90 -29 -74 -3 -81 -70 -70 -83 -21 57 -37 -99 -25 -88 10 -88 -59 52 85 46 17
-57 2 -63 51 35 79 19 -3 -91 40 -75 0 -79 61 37 31 20 -25 1 6 14 -55 61 47 -20 40 31 27 86 -65 -39 -11 -37 -51 -18 89 48 -99 79 53 -54 92 23 93 2 -26 -32 1 17 21 61 55 -20 78 -93 -31 -47 -9 74 21 13 -55 -5 76 84 -39 43 28 -87 -3 -39 -48 -26 27 42 -36 -24 62 -28 54
-45 50 65 -93 -84 84 35 -9 -56 -78 58 84 0 -64 77 27 82 94 -51 -39 -5 65 20 89 20 3 -31 -39 -77 12 28 57 76 -39 25 63 58 65 -3 2 -25 32 87 -1 -78 90 -33 -15 93 4 21 -66 -62 -58 46 6 -99 56 -27 22 -67 35 -88 -49 -76 30 68 -89 44 -22 -71 -58 -83 26 49 -18 64 -84 12 -34
25 -86 56 -99 19 -75 -72 3 -23 -78 -67 62 65 -49 2 -8 -86 95 17 19 -68 4 -70 60 -64 -60 -57 -63 -57 39 0 24 -18 27 -93 33 -72 -73 -42 -49 -18 89 26 -52 -80 90 -84 42 -35 71 -14 67 80 -75 49 92 16 85 53 34 -21 27 -41 25 -12 45 -11 -73 -53 -54 56 84 89 -74 66 68 -10 75 -93 69
46 3 -88 20 -18 66 51 -38 -83 54 18 -84 -22 11 55 -93 -62 50 -2 50 64 -73 57 -61 -70 -65 43 73 84 -31 80 62 64 74 -93 73 23 -33 78 -21 -36 -15 -48 -23 -87 -77 -94 -17 11 74 60 -82 -28 -67 -30 4 -38 -34 23 32 -38 -7 -97 -91 -88 -9 -62 -6 98 -93 -24 -19 64 -74 -32 -64 -80 -96 41 -45
-49 -42 -94 59 14 -43 64 -2 64 37 -32 89 73 6 55 -25 -64 15 15 84 -30 -28 -91 78 -23 8 39 29 -46 -99 55 -34 -21 -55 29 -23 48 81 69 -6 71 -72 -1 78 -51 -61 39 33 91 -38 30 -71 2 -92 -46 -85 75 7 48 -43 -27 -57 -8 13 70 55 88 -39 -1 63 3 88 -77 -3 85 32 -28 -90 -68 48
27 -87 96 -56 90 96 28 44 89 58 -54 43 -5 21 4 36 -64 37 -35 49 -8 89 -25 -41 -30 -9 60 19 89 51 50 14 -44 -81 79 -37 54 28 -97 57 94 28 -84 -78 -18 -15 44 -67 17 54 27 60 -31 43 -33 61 -72 -69 1 87 -34 50 -14 10 98 -32 -98 -56 -70 93 9 74 -15 10 92 -16 33 11 86 24
-64 6 20 93 -94 -73 57 83 86 36 1 -57 9 -70 57 40 76 -61 -81 -32 41 -61 37 22 -11 -28 -88 -89 14 98 -16 -17 32 -74 -14 -32 -75 80 8 -24 92 -39 84 -37 -6 20 40 24 77 -30 87 -37 -87 -15 -74 -15 95 -74 -63 82 96 83 -36 -19 -6 -63 -16 -55 30 -3 74 75 -49 3 96 -91 -84 50 35 68
-68 -80 34 24 -45 31 67 -42 -78 -72 0 80 -2 9 -70 -1 64 -35 -61 15 -64 -54 24 25 44 -10 25 -24 36 10 -57 -8 38 -48 -73 16 12 53 -5 6 -43 -26 -99 87 -41 -61 23 -24 -88 18 -94 -99 -31 10 -69 -98 17 58 56 12 83 57 81 23 8 -66 -8 -84 -90 72 -68 -86 -62 -36 -70 17 -47 -16 -57 56
1 63 -69 -56 -61 42 29 91 -74 -70 -44 -34 76 -28 -28 27 75 25 37 -90 -82 -50 19 1 17 19 23 -50 -47 32 68 59 -59 -65 86 -80 -56 -15 46 -2 74 -53 -48 -71 48 46 52 44 68 -65 85 -80 -89 -3 35 70 20 -88 -99 63 39 68 55 -93 -69 87 -43 -48 64 2 -10 -75 68 -76 99 39 -68 -52 34 -30
46 69 -98 -77 81 -21 -40 -57 -37 39 -53 -31 42 -40 -36 -82 71 37 89 -36 82 -12 -67 -89 21 84 7 -3 78 97 32 -74 -65 -71 -27 -44 34 -21 74 15 41 -45 -92 -31 -14 -96 41 -70 -46 85 47 -13 67 37 -1 -76 -32 48 -94 -69 -47 90 -35 -4 57 7 65 -85 -81 -5 -26 4 -16 22 -79 19 58 -6 -98 31
-64 -43 94 0 72 11 33 46 -76 -45 -50 33 98 -45 39 49 -72 77 -29 -2 68 -92 -13 86 -15 60 -95 -40 -54 -57 40 18 -10 -51 38 10 24 85 28 43 -42 56 -78 76 -84 -80 -46 50 35 41 -48 3 95 -55 -47 -18 -46 -65 84 50 56 33 -67 63 34 62 -67 -18 56 13 -71 -81 21 15 -67 76 83 92 -44 -31
-88 66 -14 -21 -88 -21 -52 -62 49 75 27 37 -36 42 -56 9 -21 84 29 6 17 11 -82 -62 35 -76 -60 50 -89 73 -19 -99 85 98 -82 99 4 71 30 -8 -19 -63 -9 44 -76 98 -25 39 92 -40 74 -38 -76 81 -96 2 78 50 49 13 61 -49 14 18 36 5 -86 61 74 -63 -19 92 -56 -86 3 -97 66 -90 69 -87
-21 -30 94 25 -93 87 97 -68 -13 -1 6 85 75 6 -24 -52 78 -55 54 -12 -16 86 -75 -10 -29 -64 59 -22 58 1 33 -42 22 -36 -37 40 29 25 -93 62 15 44 9 83 -28 -10 -62 76 34 40 60 29 49 49 22 43 77 38 -99 85 1 76 55 42 -2 -37 -11 -87 -89 18 43 26 29 -80 22 60 87 48 26 23
7 83 47 25 -20 45 4 -4 61 -73 40 99 -90 88 -50 -44 -25 3 -45 61 99 -49 -84 17 84 43 -21 -77 87 14 -50 35 9 98 4 91 -33 96 18 7 13 -83 -4 96 78 74 -81 -6 -48 -55 -76 13 -14 34 -20 93 -34 96 -44 53 -37 8 -96 -93 -4 -1 57 -61 84 -29 -49 78 36 -97 45 11 -69 -92 -42 -2
-60 30 -51 -78 94 83 41 2 17 -40 -7 -17 94 17 24 -60 -31 56 12 33 76 -52 23 46 -85 -74 44 93 63 1 12 98 -38 -1 -60 -77 76 62 37 -78 80 -73 21 55 -80 62 94 -66 9 31 76 -99 64 -39 -14 -33 99 1 -72 76 -16 -82 -64 79 81 99 27 81 -50 -55 72 -12 -11 77 90 -44 -89 -92 -25 17
64 83 54 53 2 -77 -34 32 -60 -52 57 -59 93 -32 -93 -34 85 -71 -79 4 41 64 -97 -44 50 39 -29 -4 64 39 -87 -69 -64 -31 -9 -57 -62 -91 82 63 94 -80 64 -87 27 18 12 -45 71 -57 -77 -78 42 -32 -11 89 74 -4 25 -62 54 58 58 58 90 -31 16 -28 77 -75 -45 4 26 -90 18 -23 9 47 22 12
43 1 -8 75 84 -29 -41 -13 -55 -14 -10 51 11 17 -18 76 -97 53 -59 99 81 43 61 56 -88 81 -5 -69 -26 -47 15 87 84 79 -54 20 27 -64 82 -3 72 69 -13 -78 -21 91 53 -89 -31 -31 1 -5 -39 75 7 -66 73 -97 28 97 58 -92 17 36 -5 -17 -85 73 -70 89 -88 -19 15 54 -52 -95 85 20 55 4
