-85 -50 75 -4 44 -35 -71 45 95 -20 -17 60 66 84 -28 87 73 -77 75 -62 71 -10 49 -97 -38 44 -28 12 -59 -4 -45 -47 -61 -56 84 -35 -32 -19 -11 75 -84 64 8 -59 -13 67 -70 -94 -77 -34 70 -48 58 85 -4 -80 75 -64 -72 88 -74 -37 80 7 -69 -40 -48 57 -97 89
-33 -29 -30 -6 -8 62 -83 34 -68 59 -24 -56 90 83 58 -71 -97 -79 1 -91 -43 37 -32 39 -6 -59 79 66 -21 -67 11 80 34 18 15 74 -20 66 3 -65 28 35 88 88 -62 -30 83 -29 51 -66 -44 -77 -95 -61 13 61 -6 -70 -84 33 53 -37 16 -39 -35 -5 94 36 86 32
-59 -66 -7 18 42 -57 98 32 -50 -18 -25 98 -22 40 -12 17 76 66 59 18 -66 -9 69 -42 50 -15 79 -49 70 22 90 -93 -8 60 -47 -39 27 38 -15 63 -25 36 77 12 78 -3 48 -42 28 21 -28 -61 -46 -56 73 -14 -12 -30 -40 -73 12 -48 72 91 47 99 77 41 -68 12
21 48 37 90 -24 -89 -94 29 -6 -42 -74 -88 -35 16 -31 63 -33 17 25 -4 -63 -72 -5 -77 68 -91 44 65 -86 42 -85 4 -85 72 39 10 21 -31 -8 2 -43 18 75 71 46 -76 81 -81 10 -31 96 45 38 97 -16 -93 -41 -93 5 -64 19 4 -9 10 63 13 -32 -42 -5 -3
35 -72 53 -43 8 90 -34 -24 69 -69 16 -99 -43 -10 -97 -29 37 92 23 -31 67 -39 36 88 48 -17 39 75 -6 -23 4 -62 -66 -90 -73 -9 83 40 9 61 -97 69 97 66 -87 -35 59 -98 50 35 -9 -88 -60 -66 32 -63 47 -83 65 14 -24 15 99 38 12 54 88 -94 -83 -22
-79 77 95 -50 -9 74 -26 -42 94 -73 45 -72 -93 -15 -6 -19 66 7 38 -64 -64 16 -18 -55 -73 25 -61 64 -67 82 -13 -84 19 -44 -81 94 19 -19 76 50 -35 -83 -10 -75 -45 41 8 -81 -53 98 -60 -57 94 -42 -21 -48 -29 -63 -14 -79 52 3 -81 -6 43 -22 33 32 75 11
-74 29 96 81 -83 -10 -81 62 -27 -92 7 -74 -30 84 -7 73 59 -2 -34 79 63 65 -80 -36 -51 16 13 -35 -11 -2 14 -32 62 -32 -35 -24 78 18 14 40 -36 -21 -15 -12 -14 -49 95 82 -86 21 86 -3 25 61 8 80 -74 51 -32 22 -36 -29 96 68 -58 97 -76 -41 76 -78
25 -43 90 -72 77 28 -7 98 -70 50 -16 6 -70 -63 -84 8 99 89 -93 9 1 47 51 2 -68 -96 18 33 4 16 13 -84 -51 23 -90 -23 -73 -29 -93 -12 74 -63 -28 12 -71 24 77 40 -28 13 23 6 -84 75 -94 -77 55 53 93 -51 -69 -69 63 -61 -47 91 -93 28 6 89
-47 8 92 -48 71 48 -49 35 -98 -69 67 38 55 38 -13 -12 22 75 -32 48 -25 37 14 -77 -17 -28 -42 56 7 97 45 8 1 39 38 59 61 66 -92 41 20 95 -58 58 -13 23 -11 40 97 -99 -14 30 95 37 8 -5 10 61 90 68 21 -58 -46 85 87 -20 -11 -35 81 -97
-47 -9 -89 63 -90 -14 15 65 78 42 97 -55 -55 63 79 -38 -81 -74 -79 93 -99 4 18 -55 -90 -27 37 29 -21 -76 69 64 -72 -94 -50 27 55 -33 56 36 -94 4 -95 -14 -25 38 81 66 -78 40 27 23 60 76 77 47 -85 14 41 -45 -70 -3 -16 -24 -96 -76 -2 -63 40 -39
-71 -70 -27 0 -91 -76 -91 93 -87 68 -36 85 -70 -98 38 -62 49 -18 -37 -94 23 24 -37 -88 -90 -91 -56 93 -93 98 15 -88 -59 -44 77 -72 -7 -89 84 91 1 54 5 84 53 -31 -74 -36 27 30 -19 -55 86 61 -61 49 -55 -37 -71 -64 16 -85 14 28 -34 -55 -82 -77 10 -90
58 54 -50 -1 21 94 25 -84 -55 -36 -86 65 -32 -82 77 -89 -98 -1 -23 86 -89 23 17 98 44 -18 -5 43 83 -37 -73 -72 38 61 71 20 80 -60 68 66 -66 77 -44 66 69 -67 -66 49 -72 95 10 2 -79 -74 -66 10 -4 65 -13 -43 18 45 66 -50 -2 86 17 -96 -82 -29
92 -40 56 -90 -74 -48 52 -71 -73 -83 -27 -65 -99 -59 78 -74 -37 -45 28 69 -13 -16 -49 81 77 -88 -93 -52 -87 23 -88 56 -55 7 -23 91 -19 -40 -43 -84 46 -47 -72 -81 -39 50 64 -58 -88 -23 -11 -93 68 -32 -51 -54 35 57 31 -93 -87 41 -57 -93 15 36 98 -36 -10 28
-95 53 60 -97 51 99 21 47 38 48 80 -49 -28 67 -56 50 67 -20 6 63 74 -40 0 25 -58 -46 5 -77 36 -87 -87 -30 -2 -87 72 89 33 -86 -33 -53 -58 -19 -61 -21 -61 57 86 -85 -95 -10 -78 77 -92 -78 17 -38 -87 65 57 7 -32 -38 57 -27 56 -85 71 -80 77 10
84 59 13 -42 22 52 -82 -74 49 -76 68 -71 -22 77 -22 -83 72 6 -39 -95 51 85 60 29 -42 -23 -57 61 -88 -80 -52 71 73 18 65 22 -10 -69 96 -27 -69 -91 31 -90 -91 -47 -78 23 -34 92 -56 7 90 -83 21 26 16 68 48 14 32 -46 -98 -95 -10 41 5 -61 25 25
-67 -34 42 28 73 68 -96 -8 18 11 -56 -88 -24 19 12 -15 -56 -19 34 39 -64 11 -61 99 -16 11 -36 90 -1 29 99 91 -21 91 -60 -97 39 80 -10 66 90 -94 95 33 -28 38 97 25 -18 65 -38 4 85 44 -1 -60 51 -6 -66 20 -14 -63 3 -85 23 19 1 -66 -59 40
8 31 -49 -13 23 33 7 16 -77 -83 1 -26 -67 72 -44 -78 -22 95 77 72 -64 85 -71 7 -97 -34 35 -47 18 99 -20 6 32 83 -1 -56 -97 32 10 47 66 -70 -75 -36 83 -11 -58 -9 60 -98 26 -28 55 -37 -1 -81 31 50 -24 -60 -7 -60 9 -15 -39 -57 -96 93 5 2
-24 90 95 -31 -53 47 -22 98 -87 58 88 27 81 -63 35 -21 -8 58 91 59 -56 -94 -51 -44 36 33 -90 60 13 76 33 -48 74 44 64 59 7 -33 -24 -80 84 -76 37 -70 99 95 32 39 0 -98 3 55 62 78 26 -39 -10 -78 -73 19 34 77 30 81 38 -74 32 -98 -4 37
6 28 33 -16 -47 5 58 -69 39 54 -29 -28 -61 41 57 -40 -55 -45 -7 -27 -15 -79 -41 -86 -3 -57 -14 -12 -31 -65 8 -35 -73 -23 95 -98 44 55 32 -45 36 -5 0 62 -79 -58 -8 3 -1 6 -13 -49 17 -82 -52 -85 -34 -84 99 33 73 -28 80 -97 -25 -87 71 -53 -76 76
-37 -44 54 -20 -62 57 -97 41 22 53 -23 5 45 -21 92 56 92 32 -84 -12 31 -24 45 -51 88 -75 94 -67 -34 24 28 -2 31 27 44 -15 -61 83 0 6 -21 31 74 -91 -8 8 -71 -41 -80 14 -83 -30 -37 90 92 -20 -81 58 22 -62 -7 24 -69 0 28 -48 38 -88 38 98
-64 37 85 35 -20 -23 -56 47 41 -21 44 27 -32 -93 8 -55 -88 30 37 51 -92 -90 -66 24 69 -1 55 93 -91 23 25 -70 -75 -17 52 -46 44 -3 2 -17 30 47 21 -42 64 -96 81 -50 16 -55 -37 59 -64 -4 53 -55 -20 29 21 8 -73 43 -66 -79 -27 49 -30 -72 81 11
-94 40 49 61 21 -12 33 42 14 74 25 12 82 -33 43 -12 -53 73 15 -40 -6 64 11 -95 -69 68 51 -29 68 -1 -38 -55 3 -8 76 77 60 79 59 53 -59 -67 -37 41 17 -77 80 -22 -87 -66 24 -80 14 -83 -33 -1 76 -76 -48 16 43 60 19 -98 -53 -45 -55 -64 -54 5
-40 -96 -6 -76 4 14 -4 21 -72 -18 37 98 26 91 -95 79 89 95 36 25 61 76 -42 -79 69 -60 64 -60 -39 72 21 3 -37 46 -54 -9 -80 72 -26 11 99 -69 64 91 -16 74 60 60 0 82 39 4 -10 26 50 -80 -86 76 -63 -44 -34 -66 -15 56 20 68 -46 -10 -98 59
-46 95 64 18 -43 -63 -65 89 -81 32 86 -18 -88 -40 57 -5 94 26 49 26 -24 26 -22 34 -91 -70 -35 22 92 -96 -24 -7 5 60 30 7 94 53 82 46 -39 58 -35 -33 -74 -9 3 92 4 16 -45 -2 -22 -21 87 90 -20 -25 -67 78 -38 -52 -20 -54 17 -67 -48 -29 0 92
-93 0 42 85 -50 -87 87 45 10 22 61 54 -42 50 -88 -1 -92 -74 60 7 86 -53 88 9 -4 47 31 9 20 24 -80 -4 14 55 10 97 -86 -16 -36 99 -23 94 -64 -5 27 90 85 -77 -5 -83 -69 19 19 54 -71 -98 -61 -54 -56 -75 -16 -27 -69 -9 25 -70 -63 -62 23 -46
75 -5 -24 29 -15 -72 3 84 16 34 -55 -45 -90 -90 -65 38 41 28 46 -22 12 70 72 -39 -79 98 18 -82 36 76 26 -49 23 25 -46 64 20 -50 -52 10 -52 55 71 -17 -95 19 87 74 68 50 -10 -55 70 66 41 99 40 40 57 -42 -12 -85 15 24 4 -60 -71 98 -41 -47
-25 -56 -32 80 -42 0 -30 57 -71 -12 26 -32 22 -50 62 -69 90 -16 -47 -38 -52 6 86 37 -11 -14 61 -34 -54 -26 58 -88 -29 69 -74 16 78 97 -8 -42 -28 36 -28 -85 -77 73 42 -12 7 -1 39 -23 -17 -94 87 -27 16 92 -43 -69 12 -92 86 43 -55 64 25 12 -45 33
6 87 38 77 64 -6 45 34 0 -33 -25 -8 52 -10 -28 -98 -82 41 -46 10 -85 -95 -79 -60 -1 -81 -99 55 34 39 -5 1 16 70 -49 85 -57 74 -27 87 26 -69 -33 63 25 -58 96 -57 -48 -38 57 8 79 41 -9 -2 79 -55 -83 -55 55 79 69 96 93 56 -37 22 97 -62
88 42 45 86 -28 85 -30 -97 18 -12 47 57 88 96 95 -70 1 -43 -55 -64 -12 41 -75 97 -25 -69 -66 52 32 38 79 -7 -79 66 93 -14 -99 9 55 -37 91 91 -48 -17 -9 -94 -55 50 -99 16 21 35 20 -67 -62 50 -7 61 -46 90 -97 25 -96 -85 21 -84 63 86 74 22
-18 -40 89 7 -47 41 -39 -83 -74 18 -13 -79 -68 21 9 -55 -11 -15 -89 10 45 7 -62 -58 -17 28 77 -40 -34 -29 1 -51 39 -23 39 94 -39 -97 24 -17 67 -49 26 43 34 81 20 -53 -23 -93 73 78 -11 -88 -90 82 16 -82 -8 64 51 2 70 -67 -92 -81 -18 -29 -87 36
93 34 -93 -34 79 92 -58 -26 -11 -79 -66 22 -8 39 -22 7 -38 -48 11 49 -42 37 44 -56 23 -38 56 -2 -35 1 -99 -56 82 21 37 -99 96 -67 80 -75 -47 -33 -74 41 16 29 34 -37 -30 -58 22 76 -6 42 1 -90 70 -56 17 22 9 86 71 45 41 -95 -18 41 60 12
-5 -43 17 74 81 73 56 -28 -63 75 -17 -87 -58 52 -79 79 -37 -94 -75 66 -76 26 17 79 -80 -79 -96 -89 -29 -49 -84 -76 47 84 41 -94 38 -55 -78 36 -79 26 -69 8 -32 49 70 74 -46 -87 89 47 -56 15 81 -70 -6 27 96 13 0 -33 -17 -67 -4 -26 92 -33 -53 -62
-54 1 -55 -32 49 -82 -96 -82 52 -96 -31 95 45 -60 -59 -10 5 82 6 66 -35 92 80 43 71 -13 -52 37 50 87 92 -50 -89 -45 17 75 -21 5 -75 -80 -48 -18 -47 6 -90 -90 -69 -55 -75 68 -34 -69 -61 93 -78 -76 -96 83 36 54 94 -62 58 83 52 -31 10 11 93 81
87 75 -23 -15 0 25 -30 30 -50 -95 59 30 79 78 94 -82 75 59 74 -88 27 -88 81 -45 32 -73 5 89 92 38 58 4 62 87 29 64 82 -52 -72 -57 -51 -59 86 34 60 -75 13 96 65 -85 31 -2 69 -19 -9 -81 13 -74 -88 62 5 52 -72 -3 -69 -51 38 57 85 -53
-80 51 78 -62 -16 33 92 3 -73 71 -80 -25 81 -75 -21 -34 93 46 -30 43 -87 -88 38 45 57 15 68 -12 57 60 -83 27 -92 19 -1 55 87 -40 -2 -78 -6 80 -66 20 95 -92 65 40 46 -18 46 12 -7 -25 26 -57 -48 47 73 -3 65 -32 9 -79 28 -90 37 -94 -47 69
66 -20 -9 4 -23 -49 -38 24 3 15 82 -22 -55 70 -99 -66 -97 -52 25 -64 -44 49 18 -32 78 0 -98 -24 -47 -43 35 6 -83 43 31 -7 34 30 -57 90 55 -77 -9 0 31 12 29 -5 12 -45 36 -28 -39 66 89 36 76 76 -62 -42 60 -65 -32 -28 41 -23 -23 -82 -88 12
21 87 -34 -20 -30 -9 -44 -30 -32 5 66 95 -56 57 50 -66 -13 50 34 63 -22 77 -2 -40 72 -69 51 79 -90 -61 -77 68 -85 -51 64 3 -43 -5 45 2 -25 6 72 17 -52 -84 28 -22 22 94 74 56 87 25 22 91 79 22 23 -80 9 -41 -33 -14 60 -13 63 -86 96 47
36 73 36 75 -94 51 29 57 38 58 -94 -10 12 43 -13 40 -96 54 -19 -30 71 70 15 87 -63 49 -43 6 -72 56 -66 91 84 -19 9 84 -18 59 17 63 -16 96 -71 -23 18 -46 -67 -36 -23 -43 11 -30 -50 62 90 65 88 -50 -69 13 89 -90 57 36 -14 -8 -48 -12 -45 34
57 -14 -85 -77 -60 -46 90 -65 -30 1 50 -24 94 -65 -14 -6 -35 45 -58 34 66 -4 88 27 35 -78 24 -29 85 33 86 21 -21 77 -35 -61 -56 48 18 80 -5 61 -4 75 -62 -9 7 60 16 -26 11 98 96 26 92 70 -62 -87 -98 43 46 87 10 12 -40 -94 12 15 -74 -51
-51 42 -71 -90 9 82 -55 -67 67 98 21 -35 -9 95 49 2 69 -73 73 53 -5 -14 62 66 -33 -56 -78 -49 55 5 -69 35 -66 -34 -1 81 70 -46 -33 -26 -49 87 55 -6 -22 -88 -60 -56 -51 17 -32 52 -45 -40 93 23 41 49 70 55 39 -49 -69 -78 40 -45 -20 78 25 -68
-34 20 -77 -4 86 81 83 -64 5 -25 -75 -77 50 -62 -46 -94 -81 39 45 -66 22 17 84 64 -28 -36 -77 -77 59 -75 -9 -93 -35 -55 -47 15 22 66 -83 -82 -80 7 8 -60 -22 63 71 -2 94 -69 65 74 25 95 -14 29 61 79 24 10 -45 99 -23 12 -46 -89 74 -54 37 -15
62 33 -60 36 -14 92 82 -81 -50 12 -11 -25 73 -25 -72 24 -18 24 43 -65 97 -25 2 -77 30 -29 8 12 -5 68 -76 -96 95 -70 -73 -13 1 -75 52 -54 -35 -48 11 -79 59 0 -88 3 -10 15 31 87 56 -80 84 -64 -12 -17 59 -53 -4 57 -66 -79 -69 57 -30 98 -61 71
-18 -17 -62 -98 36 65 -19 -12 28 -76 27 21 19 96 54 76 -54 -28 -66 82 -94 -70 37 29 -72 98 96 89 -75 -70 18 49 -80 76 -33 1 -72 72 -30 88 -10 61 5 52 14 -97 19 12 -29 88 -7 11 68 -88 54 -36 89 2 -12 18 -36 78 -10 85 -74 -72 -79 68 36 -16
9 60 87 50 43 67 -92 10 -91 -38 -12 88 -90 -91 -43 92 -84 30 20 42 60 -24 37 -25 80 3 20 21 -50 -25 82 -62 -42 66 -47 -98 74 66 99 -95 86 -28 66 -70 23 50 32 96 95 9 -11 20 -80 75 -58 21 -25 -26 -16 -97 67 -10 68 4 18 -21 -45 -31 -11 4
23 39 39 -64 27 -97 -22 71 33 -24 99 72 -36 30 50 68 -15 -59 -36 82 -40 87 0 -32 52 -35 16 -18 -1 -3 -39 -51 -99 99 -44 -26 -30 -96 77 11 37 -88 38 2 53 41 93 -66 -81 -93 -60 3 -52 -57 48 -89 62 79 71 83 70 -44 -24 72 0 73 27 23 86 57
84 84 73 -10 -13 -65 97 9 61 72 -83 -70 -80 -51 -82 -36 -34 87 -29 -42 20 -67 -73 -98 73 -56 60 -60 -11 94 78 -69 -55 60 -41 -72 49 -19 6 -12 83 -67 -18 -84 85 -99 79 -91 -8 86 -48 28 71 84 35 -51 -47 73 -98 -97 -53 -49 -37 90 44 -96 -75 0 -62 -24
91 23 -16 56 -49 -11 65 27 45 80 -51 39 -68 90 75 -13 -65 31 -3 4 -5 -40 -9 -94 -11 27 1 14 0 89 -6 -88 41 -74 17 -71 42 57 -99 94 -6 -80 96 -46 85 24 12 79 -86 -46 22 -33 -80 3 -5 75 82 18 -13 -90 79 14 -37 79 -1 -76 -23 81 6 14
46 90 1 39 15 -21 89 -96 -8 82 32 19 -70 -6 13 -75 -15 -78 -63 64 13 -85 -61 48 -63 -9 -8 -28 60 60 42 -23 -1 -62 98 -81 4 -58 35 25 59 -73 20 53 68 66 -37 92 -97 9 51 -27 67 53 -87 -41 -38 92 -15 -34 84 5 13 -80 -95 72 -34 59 -89 -75
-28 -68 -30 17 69 -56 -14 -31 -96 67 -5 -96 44 -34 1 -56 -45 10 89 -18 18 -88 68 -8 -98 -93 45 40 90 8 -40 35 -15 32 6 86 22 30 -8 75 -64 32 76 -62 -48 -5 -61 22 8 17 97 -8 65 -89 -19 65 56 88 63 -81 -72 -4 83 56 23 28 25 -91 -79 53
-25 -1 -64 -93 41 68 20 -64 17 72 -51 66 59 31 -57 -2 -26 -31 -63 2 -90 20 -37 7 -8 79 61 -8 86 78 -81 42 92 76 53 -53 35 86 -53 -48 46 -57 -20 42 -92 -74 45 -16 -41 80 21 83 66 40 -51 -90 42 93 58 16 -84 -35 -65 -21 53 -68 -76 -62 48 27
64 -17 99 84 -66 -91 84 -39 11 86 65 -40 -45 10 16 -14 -8 46 -51 -53 -37 32 92 -25 96 -61 -48 5 22 -37 19 -64 81 4 61 16 83 -18 90 73 62 70 -34 1 1 17 -99 35 66 60 -93 61 -74 47 23 -3 -53 12 20 87 77 -98 -74 94 -31 22 -99 77 -20 93
-10 -67 -23 -75 76 -16 39 73 -3 37 77 94 -38 -38 61 97 -73 -34 15 20 24 -17 7 66 -95 38 -11 -16 13 87 -38 17 -86 99 -65 94 86 91 63 -67 56 75 68 16 39 95 94 90 -72 60 -52 -30 2 -45 -45 49 -65 -59 64 -42 -89 22 -94 -54 19 -21 -49 68 28 79
-19 90 46 25 83 41 29 -2 12 -20 15 33 -52 -14 48 -31 -78 -64 -7 27 1 82 61 -50 -80 85 -31 80 25 -70 14 81 -39 81 84 51 -20 97 -13 82 98 56 -4 -93 97 -87 -25 84 -41 5 45 51 92 -89 28 45 -33 -70 19 86 -36 95 -65 -55 -92 75 24 49 -46 -25
27 30 -50 41 -49 13 -7 -22 -57 -26 82 -22 -63 -66 64 19 -71 -58 88 -80 -27 -49 -92 59 -77 44 49 18 98 24 -53 -5 69 90 -10 52 -33 -90 -28 75 -5 46 74 4 86 78 26 -46 73 53 -11 2 74 -77 27 -16 3 44 -66 55 84 56 96 57 -75 -64 -5 36 -69 92
49 -21 -33 -54 45 -67 3 52 -40 -26 23 -19 -27 93 -71 25 96 54 -83 -13 36 97 92 -44 -41 -39 82 -39 16 -99 1 -84 49 -79 -85 -52 7 -8 -30 -27 -38 30 62 -14 -57 -67 -6 19 -71 -47 -77 -83 32 -61 -23 -42 -25 60 -13 -47 -76 -10 68 10 -25 98 35 -40 -37 -42
15 71 63 88 -54 -5 -23 -65 -40 59 93 86 -62 91 -7 79 49 -28 16 25 4 71 32 90 11 32 -5 -3 -11 -48 -18 51 -58 -50 96 -41 80 83 -62 -62 -29 25 -30 -17 16 20 14 -70 -84 64 91 35 -25 67 31 7 -59 54 -31 52 -83 -86 -5 -60 -85 -15 83 2 45 22
-49 -28 54 -19 -91 -43 -21 -58 60 41 65 -80 91 95 8 -44 58 -17 -84 6 56 -63 52 56 -38 -12 68 49 -1 89 19 -88 -81 -67 71 -30 95 -58 -72 -18 -53 59 -83 -54 -58 -81 -34 -28 -36 -36 -22 41 3 81 64 -51 -84 99 -27 74 -90 -65 -65 -8 -36 -38 45 -74 -65 11
-18 -20 40 65 -96 -98 -35 -50 -67 67 -4 59 21 33 14 -86 -61 -65 92 79 -52 39 56 -50 -31 75 -61 41 45 -90 -86 81 99 25 11 47 18 -27 68 66 -5 -19 -23 84 93 44 92 7 35 65 94 2 27 24 -90 15 -82 -54 -64 7 95 -27 73 15 74 -94 -84 -66 83 -68
-32 19 38 41 -81 44 49 -36 -35 20 74 -96 -54 13 -21 39 88 -1 18 91 -12 42 91 29 -79 0 -21 99 38 72 5 75 12 -97 36 64 -44 -53 -77 -61 80 13 31 95 37 -19 -29 42 -8 -71 -64 76 55 -26 -5 91 -52 -82 -90 -39 -83 -81 12 16 -32 -4 -21 47 36 -1
98 80 28 46 -99 97 52 82 -68 72 60 -51 -78 -98 46 -36 30 43 -65 -29 80 -89 95 -14 62 -90 91 -25 -27 -33 -89 42 -67 -24 -62 -38 -87 89 -13 -76 -98 83 -71 39 -84 -20 -85 -35 -80 83 -28 34 -77 -25 7 78 2 -22 -50 60 -15 97 -2 68 5 77 9 99 -41 6
-82 -37 -13 -67 -11 84 -15 -74 18 59 -22 19 -60 -59 -24 -83 -76 80 29 -60 33 -50 99 86 52 90 -79 76 -24 26 49 42 -63 -11 -33 -21 16 22 -71 16 54 -61 58 4 5 12 -65 68 -31 69 -85 -19 -19 82 7 79 -28 44 -4 40 -17 32 -25 -12 83 54 -44 -45 -91 9
-12 -67 -3 -80 10 8 69 -1 28 20 46 -37 -65 4 -73 -89 52 90 46 -7 -21 -97 61 16 64 -41 94 -96 -77 37 -90 74 -46 -80 -13 -44 -10 86 28 68 94 81 9 62 14 -42 -84 76 -46 -35 -83 16 -12 -52 57 19 -23 -88 -29 -73 -22 47 -8 -61 -1 26 -70 -66 -14 -3
-97 -59 -67 -94 47 58 87 24 -53 23 73 -76 92 89 -32 -56 -24 -3 -82 3 -92 88 -15 44 96 69 4 86 49 39 54 39 37 40 -84 -68 61 26 13 15 -20 58 44 60 -68 -98 -75 70 -25 43 89 -7 41 95 92 -38 5 17 -82 -3 -77 33 -54 90 -48 -19 86 -28 90 -67
-32 -55 81 11 -4 -56 -24 -22 -44 21 85 21 -79 26 90 -97 -86 -59 -96 -36 20 -82 -87 -93 23 10 13 -64 -55 -91 -50 61 -71 -15 -33 69 -97 3 -13 97 -71 97 15 -2 56 15 59 25 -73 47 -41 -99 -2 35 80 -61 2 -98 -35 28 -23 -72 -74 72 -49 -70 -36 71 96 -83
19 69 15 -74 -98 52 -62 -40 29 97 -47 -50 97 -46 70 -54 -33 17 -41 81 -8 67 -3 -42 -42 2 -56 -13 58 46 -63 -79 -2 73 30 73 87 98 52 -2 -82 71 -14 36 -99 84 -41 95 48 -21 -7 18 83 -75 -36 2 -52 -16 -39 -71 -91 87 86 11 71 61 -46 83 31 71
96 0 -37 50 3 86 -24 -8 -91 -59 61 10 -83 -84 7 -64 41 -22 -5 64 30 -33 84 -68 20 -35 74 -82 17 22 -98 64 -1 -22 21 70 -23 -37 -74 25 -84 21 64 -43 -6 20 19 39 27 42 62 87 -31 2 -46 -9 86 74 60 -91 -16 -33 63 32 -3 12 19 36 -42 -33
67 51 -57 -28 67 48 60 48 -14 -13 -30 86 -10 67 -81 11 -58 -64 43 -20 -31 -69 99 70 34 72 -6 -64 35 -35 -43 81 -90 35 -26 -47 -39 67 -66 63 69 -43 36 12 96 -84 28 6 -81 96 -17 40 -37 13 7 -49 40 99 73 71 -78 -94 68 40 -12 73 -76 44 -54 -24
46 -3 -65 32 -96 -3 12 -63 -61 52 52 -51 77 86 -69 -45 83 -81 52 84 -62 -20 26 95 57 98 -9 -18 94 31 -99 97 -42 85 -10 45 33 -50 -88 -78 95 -76 98 -4 98 -63 31 -13 -1 4 73 85 60 78 -71 -51 2 -96 -11 22 64 -33 39 -21 38 40 62 40 -82 56
-77 -42 49 63 22 81 -52 5 -61 39 -84 -31 -82 -56 -22 -55 -57 -93 40 -12 -15 92 0 -72 -95 -55 83 37 27 -39 92 7 87 7 71 -3 -23 -86 48 25 78 -74 4 14 -98 30 10 -72 42 -19 99 -8 -50 34 22 -52 -51 29 -98 -11 36 -99 -46 26 91 -93 44 38 51 96
-85 -27 -9 -92 51 -57 -87 74 -74 43 28 20 33 98 -17 -2 98 43 27 -38 -75 99 -22 80 -74 86 66 47 9 -15 -55 -71 55 -19 -59 -23 41 11 -57 76 30 8 -97 -88 65 46 41 -91 19 -72 87 35 38 65 52 -16 60 4 -36 81 -95 -65 -68 -11 21 68 43 -81 39 -88
