-52 86 96 19 -63 -41 -66 42 78 -1 -37 57 64 -36 -91 90 60 47 -96 -19 55 -87 -75 -1 -52 -84 -29 -67 -85 -84 -83 77 -84 -73 -47 28 -54 -51 77 -76 21 -95 5 -67 -14 -26 -70 -67 69 23 -55 81 70 -87 -54 51 24 -1 -15 -4 5 -44 -32 58 59 -59 28 69 13 -13 77 10 -53 -6 -35 -98 31 -79 -82 74 19 3 -35 11 37 81 68 -61 -63 -19
-3 -69 41 38 44 0 -16 83 52 -69 79 41 -48 10 20 -20 -67 -71 72 -9 47 21 -83 75 31 -23 67 -75 23 45 -5 -78 65 -76 32 -30 -17 91 52 15 65 15 97 96 35 -72 99 -56 32 -39 32 53 -21 96 5 -2 6 -63 -41 18 -39 -46 -34 4 -2 97 48 -92 -92 98 10 -59 -1 -55 -50 0 -70 97 95 -10 -83 94 -34 -35 -60 85 29 -67 -83 89
47 -75 -39 32 20 -49 10 -72 -37 10 38 -46 37 -77 10 -75 -9 10 -68 -12 -14 -78 89 -22 87 -86 -73 5 -8 12 -30 -28 19 52 84 98 70 -81 -71 -8 -34 -63 -28 -19 39 -45 -25 90 90 -78 63 14 71 76 5 -93 -5 -38 -31 17 -69 -16 14 -2 52 -44 -36 60 43 27 -8 -54 15 -95 63 99 16 55 75 -57 -13 -78 -59 -92 57 -89 -36 -63 -28 -75
12 -70 -89 17 87 47 -7 95 86 51 2 37 68 -48 45 45 28 61 8 -3 -15 -79 -28 -44 21 -96 94 -29 25 -43 2 -31 -72 -60 4 -58 -78 8 -75 -51 -80 74 -51 3 54 -72 -96 -38 76 -34 78 -92 31 -1 0 1 -13 -95 90 -39 70 -94 51 -22 2 21 15 -57 -11 95 80 -35 83 -49 -18 60 69 -48 -38 -90 9 -10 79 45 -15 -77 51 54 76 48
-6 -49 49 -72 -27 -97 19 -90 -13 -97 -91 73 -39 -37 4 16 91 66 65 -92 14 -23 -98 -51 16 88 -82 4 12 88 -26 84 40 -55 -69 40 -39 -28 18 57 79 82 -37 78 -30 -60 -82 9 84 -78 -33 -46 -85 3 6 -33 -85 1 -40 -52 -49 15 80 37 9 -40 -37 78 -18 -57 -14 35 -25 -74 -1 -56 -26 14 22 -29 -94 -18 -15 -25 93 -46 -70 -48 18 -61
-20 51 -96 21 -54 44 -15 -99 11 -38 37 -19 -68 68 -46 -95 -66 44 17 87 -55 24 -96 64 -29 62 94 -26 -26 83 -14 -40 -75 -3 92 -25 55 -59 0 18 2 40 -25 78 -11 -38 19 -7 -87 -88 80 61 19 -33 -77 -76 47 -95 -34 -68 30 -97 45 -86 -72 -2 -22 67 -62 -82 -91 -63 86 97 42 78 -95 -31 60 36 19 7 48 -11 -50 -62 -15 -8 -12 8
-21 -8 92 -82 -97 27 -43 44 3 -50 -95 -96 75 24 -63 49 -77 -29 -71 12 -82 -1 -83 38 64 -20 -95 78 2 -41 -44 6 -82 -88 -56 65 -35 32 84 20 -57 -41 -98 -73 -38 -34 71 62 -49 -86 88 95 95 -48 -79 -12 41 88 -1 -36 26 -77 -1 42 -34 -79 97 -34 -41 -35 32 -10 20 -21 -33 31 50 -8 19 -7 24 29 -70 95 -56 22 15 40 -40 -37
-19 0 -43 52 -86 29 -57 83 2 81 61 -14 15 -55 26 -4 -23 -48 25 94 14 16 72 -7 40 43 -42 -61 19 76 -31 32 -24 -39 40 -31 -27 -65 -20 -74 -84 47 93 -56 -29 64 20 -43 -1 -57 -86 -95 14 85 -24 -10 39 79 91 86 -78 13 -4 -81 -11 25 20 -29 -32 1 -55 96 92 -43 -85 -7 81 42 -82 44 29 -37 -9 93 67 26 -1 62 17 -51
-95 33 16 -67 -54 10 -25 2 65 -48 80 70 -48 28 -10 87 44 23 93 24 96 -14 -55 21 64 21 -75 -12 -58 14 57 77 17 70 -59 60 -53 -56 26 23 61 -50 21 -80 27 -98 -77 -46 -87 51 -6 -62 56 62 27 -97 -64 35 -59 50 72 -15 10 97 -42 40 42 36 -96 77 -96 -31 57 80 -1 -77 20 -68 16 24 7 12 -28 60 -39 -21 60 79 -11 -41
8 4 -17 -76 77 -13 72 29 89 -30 71 -87 -62 -34 -76 7 -55 81 37 -80 -15 -64 30 48 82 43 -3 -67 27 -73 -79 -1 -82 -51 79 -57 -33 96 -71 -50 -71 67 42 -92 66 -62 -9 33 1 -15 -44 80 92 15 -7 -65 -70 82 -75 -27 82 -77 62 88 36 58 74 27 76 -58 -39 92 -68 -87 91 -97 75 69 0 57 -81 67 -94 -46 -54 -8 81 99 17 52
-35 87 -37 81 -64 46 -75 93 22 56 91 -36 -54 -22 -85 -76 -22 87 5 -12 85 47 25 -20 -71 -65 -51 75 -29 -94 63 97 -56 37 35 -41 4 -27 77 90 -15 -35 -25 40 1 38 -21 -50 81 -89 -12 -63 18 41 -3 -3 -13 -36 -64 38 57 83 -91 -87 73 68 46 -12 -73 46 -27 34 -17 -26 36 49 -89 -43 -49 -34 -20 80 -59 -27 62 -56 -80 -11 73 12
63 -53 -13 -17 -14 88 5 77 -25 59 49 -30 -28 -28 19 78 -28 85 -40 57 10 -79 -53 38 -71 -39 10 -16 38 54 2 40 67 61 -43 43 -27 -58 -21 95 -43 -13 43 -71 26 -79 -24 -15 -60 -50 -51 -53 -22 -50 -78 89 -5 -90 -70 -66 95 39 -5 26 87 -47 46 -69 50 14 61 -12 5 13 -21 10 24 -64 -86 33 40 -77 17 -47 84 -79 68 -97 78 67
21 18 -73 29 88 85 59 -7 -31 -1 45 -87 77 -81 -9 37 -44 -94 23 7 47 49 -60 60 -87 68 82 -21 90 -82 46 -29 16 8 41 -97 -45 37 89 30 99 6 -1 73 34 95 -17 34 -11 98 78 28 80 -49 -65 -1 -89 -65 60 19 -41 -66 53 23 -26 2 76 -74 -91 -52 -88 58 64 -28 -79 -73 32 -38 57 -42 73 84 -88 -21 -84 -48 -47 18 39 50
-49 -1 -12 -22 96 39 62 74 7 -53 -26 74 58 69 50 97 24 8 84 11 18 -24 -19 -15 50 -61 6 7 22 95 71 71 -76 -74 -97 67 -86 37 -47 -45 -93 85 -56 -80 59 -82 83 -75 45 -6 -95 45 -37 -64 1 -89 -60 -85 -75 -60 -47 -2 -50 55 -66 -77 80 81 82 -62 63 60 -53 48 76 56 2 98 -80 37 -80 -92 -74 44 67 87 -54 81 -96 -45
-91 -47 37 80 -20 98 30 -22 40 75 -15 61 98 -24 39 -70 -42 11 -30 -62 -62 33 -21 71 76 0 -34 70 21 73 43 -72 24 72 40 16 -48 -35 68 9 65 -91 -57 3 23 -10 -20 -59 -27 -89 -47 62 -42 -21 -55 26 -90 25 -26 1 -24 -52 -38 -99 -62 -43 80 65 81 28 -68 -96 -22 -63 45 -3 33 59 -10 -6 73 82 2 -78 -36 -90 -55 11 -57 -76
-20 -69 -8 -44 -52 -2 45 -47 54 44 13 -25 -94 78 -80 33 -47 -18 99 -91 17 94 70 -19 61 -47 29 -28 80 36 78 43 -55 -5 69 -62 -47 -25 -67 14 26 -40 -59 12 50 9 38 -15 -53 13 -94 47 -18 77 -55 47 -92 -98 79 28 8 24 14 48 63 -62 21 49 19 53 58 -77 -71 96 43 32 -3 -54 76 -4 85 -14 -55 74 16 -87 -51 99 99 -59
-73 -5 1 16 0 -67 30 -91 95 22 -83 29 -54 74 -76 -71 -20 83 88 -72 37 18 80 83 65 26 -92 31 22 14 28 -62 92 -77 -53 40 -16 -30 -69 33 70 -63 -28 71 74 -28 41 -54 -38 -47 -31 -57 57 78 -68 39 3 -65 26 38 84 -81 -21 -83 -61 3 15 97 42 -46 72 60 -30 62 -81 29 -95 46 -48 -98 -85 25 -18 99 -35 -23 -33 38 -42 40
-99 -32 -25 -19 45 -1 59 12 97 -30 90 -94 -41 38 -74 -52 -90 -89 78 96 -25 -85 51 63 -10 23 9 -10 -83 -22 64 7 -53 17 -79 74 -81 -32 36 -22 24 -75 -81 -95 92 89 -76 41 95 80 34 -50 29 29 -47 0 -84 -14 22 26 -26 17 71 -40 0 16 -18 -48 -97 2 -57 21 -78 -27 36 -20 -31 13 79 32 -16 -3 58 9 12 -78 64 8 40 63
-38 32 -41 18 -21 60 32 -4 -71 15 43 72 -67 -31 70 -94 -49 85 8 67 4 -42 -2 76 62 -5 -50 -61 -12 -10 -91 -64 77 80 -6 55 41 -12 -60 97 7 53 -38 -25 12 -8 -75 25 92 -87 26 21 -6 82 -16 94 -86 65 -3 -7 -17 -16 -95 -28 76 -79 32 42 76 -35 -31 -67 64 -29 0 98 85 -29 48 91 -11 2 38 57 0 42 -2 58 73 41
89 -31 8 -8 -28 54 3 49 -76 42 -86 99 72 -47 89 26 36 -70 -46 -5 -22 -59 -87 -20 -87 -59 30 87 31 -85 48 94 65 -81 82 -99 48 38 75 -99 -4 49 -31 86 42 -67 -75 95 -22 -94 16 65 13 -91 -71 43 3 84 -59 -46 63 21 -59 95 65 88 63 53 -92 -63 6 -14 -29 42 10 -6 39 -23 40 -20 -34 -69 -61 -5 -22 -95 34 8 58 -54
-26 -43 49 50 -5 -60 69 74 -85 -23 82 21 -43 -17 -51 7 -29 88 -2 77 -63 99 -65 48 68 -98 1 -52 -80 -7 -29 24 0 -87 -51 -53 -99 31 93 95 26 56 5 4 59 0 26 17 97 21 14 -52 -82 -49 -31 42 81 -32 -11 62 -14 -72 -50 71 -56 62 24 -68 76 -73 -11 65 45 98 25 49 -79 -85 87 8 79 20 65 -10 48 -32 50 -71 96 -9
-94 -83 -62 57 23 7 -6 11 3 -74 57 -72 29 33 -77 13 80 55 23 -19 -20 -97 91 66 76 -10 22 -39 66 62 -64 -59 -91 77 -66 36 -45 2 -5 92 41 -71 77 68 20 26 -97 -49 -4 -2 -38 -10 -59 9 70 -97 69 -6 -16 -74 29 -77 27 -31 6 75 32 -54 17 -92 34 16 69 8 5 -44 90 79 51 -25 -7 -45 -85 -14 85 -97 73 -84 73 -24
-20 -81 -61 -22 -46 -82 5 43 -1 -49 -46 -93 72 47 57 -70 41 -68 -56 65 69 -81 94 -23 -36 -41 -26 -70 45 -24 -16 -44 -74 34 59 -74 -26 63 -32 -38 63 -37 99 -54 -20 35 -19 29 15 -60 21 94 -98 -24 0 -3 -24 -67 -9 15 -45 65 96 76 -27 59 74 56 23 -56 53 -65 54 44 58 77 -69 -48 -6 72 -56 19 33 -3 69 -19 -66 -56 97 35
-57 -27 -38 -11 -15 30 35 12 82 -57 92 -68 47 28 10 -40 97 -16 17 8 9 -43 69 -95 80 37 -48 25 -55 26 -76 15 58 -2 3 99 99 57 -96 -54 54 -46 -1 21 -12 -83 82 -91 -39 1 35 16 -14 -43 43 96 53 -40 45 25 -49 64 -83 -11 30 3 75 3 75 88 -70 -80 -2 73 38 -73 56 21 -36 55 26 25 81 25 50 51 47 98 91 70
-85 60 -23 -95 60 -54 -63 -84 42 5 -81 41 98 54 41 -24 36 -66 -48 85 -12 -27 95 1 52 -56 97 68 81 -50 53 -34 -30 -99 99 9 77 78 -55 -91 13 -39 90 88 -28 -56 -28 78 73 65 99 58 -64 -17 -41 -36 97 -5 -63 15 -38 -28 70 72 67 54 -92 -57 -2 2 97 97 85 -47 99 -50 77 83 31 -81 -33 11 -71 38 6 -23 80 -10 -21 -5
-75 25 -63 86 50 -22 -63 -70 2 -28 4 -64 67 34 94 92 -45 19 -14 92 98 89 31 78 71 71 68 19 52 80 54 -20 8 -34 -5 -52 -6 -95 -97 -86 -51 -69 17 60 -81 97 -76 36 -56 -18 -19 82 89 13 -57 30 60 51 76 66 2 -67 19 72 25 65 -58 20 -42 36 21 -86 -30 -65 64 -84 54 26 29 39 6 -86 72 56 28 -4 49 -78 -71 47
68 10 -50 86 53 23 33 -71 75 -56 -67 39 -21 88 45 86 -82 84 -74 65 -56 17 84 35 -20 -47 96 -18 -16 -84 -34 70 14 93 -47 41 -10 -69 -75 49 10 59 45 -27 -63 61 66 43 5 89 -56 -87 -46 73 22 -75 -56 32 -58 84 -11 -98 33 -29 -51 27 4 4 -93 59 58 58 -38 14 -71 -6 37 -35 -85 -47 63 81 89 -71 -59 53 23 3 43 59
28 -69 -39 -59 90 -11 19 -79 -41 -86 -10 27 81 4 -99 -60 40 49 66 -9 -96 60 -36 -92 -13 53 -83 -49 -35 -63 68 35 50 -89 38 -86 -8 -9 -92 23 -8 -39 -95 22 -5 -77 47 -39 57 16 -1 -24 3 -75 10 64 -26 98 -18 5 15 -80 -6 -64 29 -39 54 61 23 -19 -96 -23 -47 38 23 -20 -24 7 -24 36 19 85 70 -79 58 -41 94 -61 48 43
-97 -20 10 12 -66 -52 -58 -66 46 -57 29 99 -3 -89 -86 -60 -40 34 -24 -96 -85 -59 -71 -37 85 13 68 85 52 72 82 65 15 31 56 -19 -34 -64 -53 -53 -44 -39 -77 -7 16 -5 -72 -78 -27 7 84 56 -92 86 31 -68 50 -54 16 35 -72 -16 -58 41 -56 -85 80 10 82 -27 25 -47 -24 -6 80 -18 -92 -5 34 -37 -79 -3 -79 -54 -17 1 -26 3 -14 -87
5 87 68 -50 28 77 -28 -47 -94 17 7 -67 -46 -78 48 -56 -48 59 31 93 -76 82 -76 -85 42 -56 52 -88 9 -63 37 13 88 95 -48 -38 -88 -36 -20 58 75 99 -1 44 -88 -72 -2 26 77 -60 33 -52 -69 17 4 72 38 -69 96 23 -68 -2 9 77 53 73 -88 -26 -41 -70 -32 44 0 56 56 43 -71 -60 83 19 31 -7 -32 86 -3 -45 34 -59 -96 -9
-44 -83 -90 -32 53 -72 -45 -64 36 44 -5 95 -38 -28 75 53 -96 64 -85 -26 -81 57 52 66 24 -56 39 -55 16 95 84 47 77 64 -93 19 -58 42 -99 37 -4 84 -12 -92 -92 42 68 -70 -65 93 -43 26 41 81 -25 -29 95 -6 -24 -61 32 -74 55 -91 66 -98 -56 38 -15 -81 76 30 88 -51 36 -29 -44 -87 -1 -29 87 86 -41 -3 -59 2 81 10 6 68
34 17 59 86 24 18 -17 19 77 -98 1 -22 -43 85 49 22 -74 56 32 90 -82 66 12 -21 -70 83 -2 -71 -70 -72 -71 34 -21 99 -32 2 67 -70 -29 51 37 82 -5 -91 -30 -24 -53 92 -96 57 -16 65 35 33 -93 29 83 91 -82 59 85 -80 46 14 47 -38 60 44 5 34 59 22 94 -85 -40 -45 11 -95 85 1 -50 -21 -24 -72 49 86 -20 45 26 -73
9 61 -71 -19 -2 52 84 81 71 97 97 -98 -71 -59 -90 80 -43 1 34 -52 -2 -17 -40 -97 94 -64 -32 85 -26 -29 -14 25 63 43 73 -90 4 -52 -91 6 -13 61 87 -3 -85 11 -1 -38 66 76 -81 24 -74 -18 43 40 -33 -51 -74 -82 6 -94 65 -3 -72 -58 57 93 49 -19 -60 -46 -64 -50 -10 10 -64 70 -64 44 81 -58 -54 63 -5 18 13 -35 -73 -11
-32 -18 -47 -19 95 65 47 82 -60 -83 -38 -66 -57 39 -86 21 30 -40 33 5 63 -50 94 10 8 39 98 90 6 -95 78 73 71 33 -92 22 34 76 -62 17 -70 -11 90 0 -34 -25 -4 -11 -32 -13 -12 -66 24 17 97 -86 20 12 65 43 71 58 -65 -98 -16 14 18 -21 -63 63 5 9 51 -19 31 -28 14 29 -46 46 9 -16 -49 44 -87 16 27 4 69 -60
72 -89 43 5 -15 71 14 -41 -49 48 86 94 9 -43 45 -75 -39 80 -68 -7 -55 -82 -36 0 46 7 50 -63 -38 -32 -55 8 -87 23 8 -28 30 78 -24 -98 -43 81 99 -5 -7 18 52 -38 67 42 -44 -19 -54 97 -45 38 -16 50 3 95 4 -49 13 82 12 -38 99 -22 32 -85 -45 21 78 58 83 51 60 -8 -86 76 -48 -11 -28 -56 31 18 -42 74 99 51
22 35 -28 -31 -8 28 35 31 -26 42 83 -40 18 99 -24 -95 76 -37 36 -69 98 76 -13 -22 -87 61 47 3 -52 -6 70 81 -46 -25 -14 -61 43 83 37 -65 89 97 -54 30 -10 -37 -50 -39 -6 59 76 -49 -60 -68 -99 -24 -72 27 85 -12 -24 -25 -52 10 -52 -53 11 -73 97 78 -59 -12 80 85 3 -92 35 -76 3 -72 -50 36 48 -41 -61 -9 80 21 -51 -14
-26 1 -59 15 -11 -60 45 -91 -24 95 26 65 35 -99 57 -42 -81 -99 -50 -19 86 -87 -15 -53 88 -23 -27 57 -69 -87 5 -79 2 -28 -22 -53 -72 -90 -71 -99 -30 -52 -4 -66 85 -32 97 16 31 -53 62 -2 -15 -62 91 -28 -69 35 15 -95 78 -13 -59 63 -62 3 -37 69 -98 -3 77 59 16 -10 87 15 -89 7 -52 34 -71 -72 -15 -77 91 -36 92 -32 65 -91
52 0 -20 53 -82 -65 43 -90 -54 -71 -64 34 -64 -92 47 -26 81 -78 31 37 -82 -59 81 92 70 -88 -24 -33 57 -76 -95 -14 20 30 -13 61 -30 -39 -71 22 -76 57 -15 64 43 -19 -50 -49 -81 31 -13 58 21 59 34 -14 72 49 -31 -65 -76 73 42 21 -8 62 90 -56 -77 46 85 52 -87 43 18 -71 -7 76 -8 -29 -34 56 -35 25 -83 98 48 36 93 -75
-82 -51 63 91 18 49 21 6 -3 -5 -57 -98 92 92 -21 63 -21 -34 -58 -39 25 -58 -18 58 -82 -62 40 67 -80 -29 -46 -65 -14 11 2 -28 -27 -85 -70 5 -7 28 52 -53 84 -18 -39 56 84 61 -30 34 -82 -31 -49 66 -88 -43 72 -12 -92 24 -23 -9 64 4 96 8 -36 78 -23 -41 -55 -59 -13 30 79 27 -14 -60 37 17 -85 -90 60 7 -70 -92 19 -5
-38 99 12 52 -94 91 35 80 14 63 -1 29 96 -78 -99 -11 -82 -5 -7 -98 46 72 32 40 -21 -92 93 33 -85 86 85 67 64 -80 77 -79 -91 -50 14 -74 64 -96 -28 61 91 80 -51 -80 -8 27 93 45 32 80 77 -14 43 74 -1 -79 62 -21 -93 74 -3 -53 -55 -7 -29 8 -34 33 -8 46 -79 58 18 -50 -39 72 34 65 68 -41 -59 42 -83 -12 72 -72
95 -52 51 -82 55 -72 -72 -4 -71 10 51 -70 -47 -42 38 -71 86 -88 -4 97 -72 2 -1 -45 -37 25 -65 -37 71 -78 -81 80 -68 91 32 22 47 -24 -6 2 67 -54 83 -21 23 40 -49 31 -82 80 -56 -83 59 5 94 -18 -63 -14 -41 -71 -78 21 26 27 -22 -86 -73 -38 -63 -35 -51 -96 61 -51 39 82 -94 -34 -3 82 88 -63 -5 -92 -24 76 -42 -52 27 -98
-58 24 -22 -27 70 -63 -28 61 -82 -37 4 -17 91 12 -59 -23 -55 25 2 -51 70 15 16 -75 -87 -27 77 94 -89 13 68 22 -71 33 -64 22 -80 78 -39 -39 72 93 -23 6 -33 21 74 35 94 -51 -89 83 -7 -38 34 -24 42 6 11 29 0 -80 18 51 -62 44 -45 38 -91 -16 59 51 -35 -55 -16 89 10 54 -78 60 -72 -41 -82 72 -27 45 -76 52 29 -56
7 7 -30 95 91 -71 -8 -71 70 -33 9 10 -45 33 -18 64 44 22 -96 6 -25 -6 44 3 40 -5 34 -82 -63 84 62 10 -67 6 -67 64 -78 -32 27 76 -11 44 32 -53 -66 95 -70 19 -23 -63 54 -46 51 -39 49 -14 1 -83 78 10 15 2 -28 -30 52 -50 -88 -18 -60 -65 -57 64 -13 17 -38 69 -20 81 66 -67 -72 12 -5 93 -95 84 30 2 -16 60
-76 -53 -39 35 47 -11 -1 13 66 -91 -50 -79 -94 -41 42 35 -97 -89 7 90 -36 -14 45 13 80 -22 10 75 -88 -39 -64 -29 53 -78 1 76 -1 3 49 5 1 35 75 -95 81 12 55 -71 94 -82 -51 -63 59 -3 12 -39 75 19 53 -99 -92 71 -56 7 15 52 -37 79 -67 47 90 17 -58 -92 -57 -32 90 27 61 98 56 5 -38 82 32 -8 32 35 -55 7
37 -44 74 -70 -15 -75 -48 63 -46 16 93 68 -60 37 14 47 2 -78 -12 -95 -41 79 37 22 64 12 60 14 71 37 41 -92 -85 -45 -75 -18 -38 -12 48 -63 -64 -31 45 15 -61 87 -3 -34 86 -65 98 68 41 -52 0 0 27 -55 -27 -45 -45 62 -86 -37 -41 -49 72 93 62 53 25 5 -38 -72 -18 51 -49 85 57 39 -23 -49 -70 60 67 -50 -8 69 -25 87
-58 -83 44 -88 30 10 83 -62 33 -19 77 58 74 9 -83 94 40 81 -8 25 -41 -78 60 5 46 -91 -96 96 -94 1 46 1 -28 -34 64 -30 -12 1 72 98 -21 -73 -17 -76 -43 -1 -23 40 -98 79 68 -7 -50 -40 -52 -30 42 53 -33 72 34 96 8 -60 -90 -9 91 38 -30 80 -55 90 62 -16 5 -34 -65 -3 13 -44 -78 38 -69 -70 19 -6 10 77 57 16
-14 -79 -27 -10 -82 -72 20 39 -65 -13 -21 -94 -80 -73 -45 25 -10 -53 -7 -39 51 6 46 67 29 -58 12 99 -86 -59 -66 44 99 49 30 34 94 64 -54 98 -55 26 44 -44 74 52 -6 0 -88 -59 -71 -84 70 -2 6 -11 8 -75 55 -56 72 -11 28 -51 -43 -71 -84 30 34 -29 86 -61 -49 -27 65 -78 26 25 -50 44 -11 -61 5 -22 67 64 44 56 -80 -53
43 83 -80 84 47 82 -44 -94 -63 30 -76 -42 -85 2 -21 69 -46 -91 -88 -79 73 -10 -39 2 71 93 38 -39 22 82 -54 79 35 88 -1 49 -26 -72 -23 -98 -86 -15 33 72 56 -82 -24 87 70 58 23 21 42 -18 42 44 74 95 -72 -71 -45 68 92 -16 -38 -64 -94 -8 29 18 69 67 35 -9 2 -14 -12 -39 -50 30 -17 25 20 44 -4 29 76 -91 -59 -52
-51 -81 26 -81 15 -19 -72 71 99 -84 91 -77 -71 30 -7 51 -38 -61 -43 -25 -1 26 -74 61 25 91 88 -63 -2 70 79 88 -95 3 53 65 -83 97 -69 28 -16 -75 63 9 16 -27 17 83 -71 18 -75 40 -47 87 -83 31 -6 -10 93 11 -57 -6 52 75 11 -13 -6 72 78 13 55 -76 11 -92 -52 82 -69 -70 -26 -62 75 90 60 86 91 -39 96 49 77 -86
-16 59 -66 -23 87 -56 38 -83 40 20 18 59 79 -35 24 -53 0 -81 7 77 40 -92 21 -80 14 -85 16 87 -78 -35 26 -50 -1 -79 -98 -74 -55 -44 9 43 -64 8 -21 -90 72 65 48 -2 -25 38 -17 47 92 -58 -90 9 -15 66 -42 8 -88 46 86 -6 87 -10 72 -96 -32 -82 -58 44 -15 22 35 -31 -63 57 17 69 -66 -62 16 21 97 -81 -53 -42 21 0
77 -53 81 55 70 12 -7 -93 89 98 -10 -46 34 -55 47 -41 51 43 26 24 47 -62 57 -4 -21 -63 -16 -48 -89 18 83 -98 -70 -42 45 96 -84 23 -18 -10 -72 -79 36 -99 21 93 -45 -29 -54 13 49 -92 -61 -35 -84 -7 -51 50 65 59 -8 46 -11 -94 -44 45 -49 68 70 90 71 69 -6 -9 24 -83 24 -88 -80 -64 88 4 12 87 -40 -57 23 -82 -44 17
65 -38 -22 -31 98 67 5 -84 80 -61 -96 -67 -26 -98 -37 51 29 -84 2 0 -62 -80 34 27 -51 -97 -83 -23 58 -22 45 6 44 73 -56 13 65 46 80 46 12 -53 36 -35 -64 -7 -16 83 -34 53 -73 -50 -58 85 47 -26 30 85 11 83 -32 -57 36 75 61 79 -53 -25 20 96 -42 -14 -35 -34 93 -56 -27 87 -85 -97 78 -52 86 -21 35 94 91 82 -35 47
-63 -36 -11 -36 70 -22 -18 98 77 -80 -97 -26 -14 35 16 -5 87 -37 -30 -7 10 -98 27 1 -90 -97 -20 -3 70 -84 6 96 -61 -70 1 -33 48 21 -30 -50 -77 -18 77 41 -39 -40 32 85 -6 -95 -53 0 12 98 -82 -24 15 77 -60 -95 94 20 -83 9 -90 24 -85 51 -11 98 30 73 51 38 79 -18 83 6 -47 -17 -1 -87 -61 -52 -31 77 -54 89 40 -78
-30 83 1 88 22 -67 -14 55 18 60 19 0 50 -71 94 -11 -49 -37 -7 61 -24 24 1 11 -25 -34 66 -11 39 -35 90 -55 -79 4 69 11 69 12 -88 54 94 9 -43 -69 21 58 44 81 -98 11 -42 12 -47 -75 -74 66 53 86 82 -92 -82 0 -77 -29 65 -36 -70 -37 -60 -88 -89 13 -27 49 -35 53 -84 43 97 -64 27 -44 -27 51 -81 98 72 -95 35 21
-32 55 35 -5 63 96 22 -18 16 96 89 30 -23 31 -75 -76 94 -50 49 -27 -5 27 58 45 -17 34 8 -72 -71 21 -77 -25 -93 -8 33 -15 -34 76 -48 66 -56 -31 -64 82 18 -21 78 85 74 62 20 47 -23 -75 -39 27 84 80 44 -65 -41 63 -98 82 -68 -20 -64 -41 -8 99 38 44 -36 13 -68 78 61 -99 -64 -47 -71 -80 -70 -73 39 84 42 -81 -57 85
53 -39 -94 60 16 28 72 -87 78 -75 11 -63 90 68 -56 -93 -62 -94 32 85 -69 9 -37 -89 29 37 -44 95 80 27 -45 -37 15 48 62 61 -75 6 69 97 -23 -22 -65 80 -97 -41 -70 -90 34 -38 60 -20 93 59 -51 20 -10 -35 -1 -10 3 21 -40 -9 -88 25 -42 28 95 2 84 71 81 -54 68 60 -38 46 57 62 93 -71 75 -58 22 97 -86 -44 -71 33
-94 -4 39 5 -89 60 -75 0 83 54 -89 -4 3 73 -79 -71 -72 -28 -43 70 -25 26 82 15 49 36 -1 20 -59 59 51 67 19 -39 94 -41 -36 -3 74 -97 -33 90 -10 -25 38 58 -94 -9 29 -74 95 -77 -67 -85 98 90 -52 -48 88 -89 -17 -91 5 -33 64 -8 -18 32 -85 87 56 43 84 -73 58 -71 4 -7 -19 -98 -2 -90 16 -83 -51 -57 -93 -75 -49 86
-74 63 -47 -83 28 -70 46 -95 77 -91 -4 49 83 38 -51 -68 -18 85 89 -25 -34 96 28 42 -14 -74 -39 -36 -21 -87 59 -95 12 -31 99 -39 27 -15 -86 95 -66 89 -25 -54 42 31 -49 -26 12 -39 28 21 78 -91 16 39 -11 99 75 -2 -69 -5 38 -2 97 -36 -21 92 25 59 -43 -18 13 -87 64 35 35 80 73 74 18 59 56 -73 -34 69 -91 -51 79 -77
-53 -29 19 -75 -53 64 18 -12 -84 50 -60 -23 -54 2 -19 -85 45 39 70 23 46 -80 -79 -77 62 -21 91 -2 42 27 77 45 28 57 25 72 -43 18 66 -51 12 62 96 22 81 96 88 71 -71 -28 -56 59 -20 2 -89 14 19 38 -45 -99 83 57 -82 -93 -42 -42 -36 -68 -80 55 -12 -62 71 21 6 -2 63 -86 -60 97 6 -94 -5 -82 -2 -90 30 39 -12 64
57 72 -66 61 -35 97 -98 66 -79 26 81 21 88 -10 88 -21 -20 42 72 -36 31 50 -6 -38 56 -14 12 9 8 -71 -36 12 -44 -32 -1 0 -71 40 36 71 -91 41 70 -60 -95 74 -33 -57 73 -50 -54 51 -96 86 29 -55 -44 39 -70 39 83 72 40 40 -46 -5 -38 -86 49 91 -14 -92 -90 47 10 -99 97 -34 -30 -8 -76 79 -57 -46 8 -2 50 37 28 72
61 -39 -19 87 -54 24 31 58 6 -31 2 24 8 96 -17 4 -28 70 88 41 19 33 68 -35 88 2 -63 90 26 92 86 63 -41 89 -17 -29 38 32 16 -4 98 73 70 -77 32 -48 -62 40 43 -81 71 -11 -79 -40 -75 26 76 0 -44 47 70 -19 20 -87 81 -81 -92 -98 21 93 -37 -65 67 75 -69 -15 -7 97 71 37 -3 -27 86 89 -69 65 32 42 22 92
18 56 -1 -3 70 47 48 52 -89 -69 -72 -91 66 -16 -5 -66 -63 -87 11 70 91 -37 -24 5 -93 -90 83 -48 81 34 11 -31 40 90 -36 -9 75 -42 -89 25 6 3 14 -67 90 -63 -24 -55 -25 -74 -50 85 30 32 -93 -91 65 -73 -55 56 -17 98 -68 47 43 20 -45 52 32 -29 38 -79 -65 65 -4 28 -98 -77 -32 84 13 -14 -34 59 -4 -98 -11 1 64 97
52 71 -73 13 -79 79 92 43 99 -80 66 25 50 -47 -74 51 -4 39 99 39 -97 -8 94 31 -5 33 62 -1 -64 -79 13 -31 -59 67 -64 -98 89 7 -44 11 -38 -39 -40 -12 -97 0 41 -44 -4 -74 15 -59 8 -12 -26 60 -89 -51 47 -14 -21 52 -45 -88 39 24 41 81 94 -51 10 8 -86 8 -38 -66 88 -32 83 -16 -71 47 79 22 -42 -93 2 41 -76 92
38 -85 -49 -84 87 -51 -57 -63 77 95 -78 77 -36 86 64 11 -74 -77 64 40 -59 -38 -96 -36 44 -28 -76 -80 24 46 -3 6 -97 15 -68 64 -40 53 14 -50 82 -57 -47 31 83 69 -59 -35 42 -77 -13 -66 74 71 -62 -99 89 -73 -44 84 41 -10 15 83 80 -17 -83 -78 -65 -18 -70 -97 46 12 93 88 -5 -7 10 10 56 -56 -77 -20 -56 -14 -3 34 49 23
85 -5 20 98 -78 -20 76 -95 78 87 -68 -82 75 60 -66 24 13 -81 -84 69 -97 77 64 74 -97 -91 2 -17 -62 -36 -97 32 -9 -3 39 -1 -17 -24 0 -16 -13 -75 75 11 23 38 -64 6 64 17 -32 -98 -75 35 33 79 53 34 31 -40 90 23 -66 47 93 48 30 8 -15 56 5 -49 21 -50 70 99 -80 40 62 38 90 -88 -24 -92 81 -37 -43 -98 74 27
-28 -63 40 -13 -39 -66 49 36 -62 -93 -42 -49 70 -58 42 -35 -67 -23 99 -19 0 59 -19 -57 -77 91 17 48 97 3 -16 79 -25 10 65 -98 98 -87 76 -40 -75 44 53 8 -88 -98 85 67 -48 27 -99 -95 -68 22 58 -14 -10 -64 -21 27 -75 -59 -15 34 41 16 -45 8 3 -50 -14 -14 -33 7 -78 -26 -41 22 -72 -16 17 -22 -67 -51 83 -1 -1 -31 33 -55
-47 -92 -24 87 -12 12 91 -74 67 12 21 39 -34 85 89 87 -90 37 -6 67 -86 -81 37 14 35 77 -9 -8 80 98 -93 84 -6 66 90 95 11 -66 -93 -17 -59 22 65 -67 50 65 -95 46 13 52 -53 42 89 39 37 -84 -62 -55 -80 17 11 -23 31 79 -54 35 15 -15 -27 -95 55 -67 -44 -63 -21 -55 -78 -97 64 -8 -30 16 42 -1 77 -49 71 38 90 24
-86 -31 7 0 -43 91 -83 -12 11 13 7 85 -83 74 70 1 -73 -4 99 -85 57 -97 5 -83 49 23 84 -80 -5 -89 46 -93 -45 -9 -82 -74 -23 -39 88 -26 -66 -50 -29 24 77 52 4 35 70 -54 -57 25 -69 -53 24 56 1 1 14 34 -36 46 -22 77 -61 42 19 98 -9 6 43 -45 71 73 -18 -14 -42 -85 42 -68 -66 86 -96 60 65 -10 91 71 74 25
-21 69 -65 -17 -5 -16 32 99 17 -31 14 -87 28 29 -93 -34 -9 67 -25 67 87 -28 -14 -71 84 -75 -31 -68 38 -88 -19 -66 75 -61 74 47 14 14 -90 -82 79 89 -41 85 68 89 -11 -12 -59 4 95 45 31 0 52 -23 24 -84 64 -24 42 -78 38 99 59 68 92 6 23 -23 -75 -58 -26 1 -51 -1 88 92 17 50 27 87 59 -39 -46 -57 -12 -36 -69 -20
-24 13 -78 -35 -23 -9 -20 16 75 -67 -10 -44 58 -60 98 -84 -7 -1 -70 -53 48 36 92 -11 51 -5 -36 -79 -21 74 61 29 51 -58 68 5 -63 -86 -97 51 -50 66 43 30 -20 -88 60 -72 27 47 17 10 82 8 -71 99 16 -32 -93 -31 -77 -10 81 39 -1 -88 8 99 -23 59 -81 -52 66 85 -87 13 -82 -86 -45 -8 50 78 -39 91 -81 -46 91 -15 72 40
73 49 44 -78 -69 8 90 20 -28 -22 -34 -64 -88 1 -29 65 -54 -35 18 -88 51 -27 77 -10 -86 32 25 -93 -30 51 74 87 50 70 -58 -96 8 -38 -67 -25 4 48 -5 -75 -88 37 42 53 97 45 -44 80 81 -38 -10 -26 89 -34 -45 -2 -98 76 43 79 -87 51 -70 -50 -10 74 -13 19 48 42 -47 8 11 -30 -75 10 -51 -37 22 99 87 41 85 -80 -65 62
81 -98 68 -46 -7 -75 -43 -69 0 -11 39 47 86 39 80 -64 -81 -96 -34 86 86 -59 -71 92 86 86 58 1 29 -99 -41 -33 -73 -19 -36 40 -31 73 -42 13 -44 -8 -42 94 18 -38 31 -3 97 99 54 35 -1 -81 -90 -33 31 17 -63 66 10 30 -57 -9 -73 48 82 -6 13 -83 -7 90 -67 48 9 -60 -62 -81 -44 -35 -77 -35 -37 -95 -42 -88 -73 1 -26 67
46 70 76 -89 42 23 42 -37 -35 78 31 19 -63 1 58 68 82 -59 -30 -37 -72 47 12 -33 -29 80 54 47 -10 88 -42 -24 -92 -57 99 -52 -51 -65 -35 -3 59 -93 18 40 75 48 88 84 -83 48 6 -94 -45 -79 47 61 85 49 -50 51 95 97 47 67 9 -13 53 19 92 42 90 -29 14 32 -73 52 23 82 30 -79 -32 -99 -87 72 -17 22 -68 -3 -27 -54
35 85 66 15 34 -68 -59 -97 -35 -82 29 98 -3 55 22 32 76 -93 84 33 -61 -98 12 -70 -61 77 46 -59 18 -89 -62 57 73 14 65 -34 -57 70 -79 -26 -35 -39 -54 -29 4 40 31 -34 2 -89 -4 -89 47 1 42 -85 -6 57 57 32 -59 92 84 93 5 -65 90 93 65 -43 -57 66 50 -58 14 -1 18 -96 -25 -7 85 89 -98 52 32 -69 9 5 -43 68
-88 27 -19 76 -71 83 -42 -12 -68 10 54 -38 -75 3 2 38 89 -17 87 42 51 75 45 34 23 31 6 12 46 88 26 -34 -75 -85 64 73 87 34 -57 11 -73 22 -16 76 39 -3 21 73 81 33 25 -93 -48 -45 -96 -21 -67 -64 89 58 -57 -97 71 14 -50 -85 12 98 4 -49 38 -59 24 72 22 53 -86 65 11 -57 -26 38 -67 32 -85 83 -33 -62 16 18
42 27 -97 -52 -32 59 66 54 95 -93 40 77 -25 85 92 -7 30 15 -18 -90 -5 -50 7 57 39 97 -17 69 -57 -96 23 -13 80 -10 -80 -92 69 -91 53 -8 -18 -91 -9 48 -19 -17 71 81 39 57 -80 23 -14 60 70 -65 -13 18 -60 -99 52 37 -11 -28 28 -92 -90 -55 92 -20 2 -55 34 -60 -90 74 35 62 97 -44 44 -79 74 21 35 -62 7 48 -71 46
-31 -64 -91 -98 65 10 86 -5 -81 0 17 13 52 -28 72 32 92 -50 81 -50 -10 5 -23 -57 -83 33 50 -21 -89 -67 -16 -57 81 87 31 -34 58 13 2 -28 9 -75 -86 -23 0 57 39 -65 62 -67 65 -50 -44 43 -91 78 -22 90 -45 -43 -41 14 5 -64 70 -49 -86 -27 84 -67 -78 50 -96 71 16 78 54 -76 -14 65 32 -59 54 98 80 -25 -54 55 -84 60
37 68 47 -82 -23 -59 73 24 -67 -18 76 97 -16 95 87 16 71 38 19 85 40 72 -8 60 -24 -84 -55 -41 31 -42 -2 -42 37 21 36 16 76 8 9 92 -77 -98 83 -70 -15 -3 -30 37 -73 21 -73 -25 0 -5 31 41 11 -15 -25 -83 46 -79 71 -82 -36 83 68 -25 -34 -67 -29 54 93 63 78 95 -54 -21 29 28 -66 -74 40 33 45 -85 36 76 -36 -42
-60 -89 89 32 -4 64 17 94 1 10 73 49 60 18 -34 -30 -95 26 -97 91 43 -59 46 -60 2 68 16 -85 -58 45 11 67 -80 -49 47 -8 -61 44 -27 91 96 48 27 -48 70 -14 -15 63 15 80 43 75 76 -77 -7 -32 -56 -87 12 -89 56 -92 17 -27 -89 -55 56 93 19 19 17 62 79 -54 21 -48 44 52 -96 -61 81 -74 -41 93 -77 -47 30 66 76 20
73 -3 72 -73 24 -53 -50 -45 -81 -3 -86 60 -56 21 99 41 -55 -10 39 1 83 89 61 58 -57 41 16 59 48 -3 -2 18 -27 9 -69 99 37 23 69 -25 -82 35 50 -65 -91 93 -85 -26 -71 -15 -90 35 40 -48 28 58 -96 88 -97 14 8 62 -63 -17 -59 68 -80 -93 54 5 -67 -80 44 -74 -19 -65 -14 66 -78 74 42 -45 17 30 -90 75 -14 78 33 36
-35 -19 -10 55 19 -63 -92 52 -93 47 37 63 -3 -25 74 -40 26 74 -42 -53 17 88 70 80 99 -37 -80 -77 63 64 -92 -72 18 1 78 -79 -98 -51 82 -42 -44 18 25 70 -89 -67 79 -19 25 53 60 84 -37 75 43 -67 14 76 40 90 23 95 -35 3 80 44 87 18 -8 -18 67 52 -15 -75 44 -2 -80 -42 -6 26 25 -88 -83 -91 -23 -89 90 56 -99 -46
11 -46 -52 21 5 -52 28 82 -49 -9 -6 -18 -39 -74 -31 73 59 44 21 95 -30 95 24 63 62 -4 -82 -74 70 -81 56 -12 2 53 -87 89 -96 74 -99 80 -76 -59 53 6 27 -2 86 92 93 -71 35 -62 -35 48 38 56 -3 69 95 -63 78 -50 77 38 75 -76 85 -55 -1 76 -90 24 -53 -23 24 -98 95 81 -6 -65 21 97 -17 -39 70 78 -89 -19 31 27
16 -30 45 -75 -55 25 78 -79 19 -68 94 -19 -3 -88 -90 -10 -26 34 4 59 -8 20 5 57 -36 21 -8 -71 94 -66 -90 -75 -62 96 -54 -15 -31 9 -72 88 60 5 -22 -54 -71 78 57 -26 35 -75 75 22 -26 26 22 -36 27 76 -85 42 26 59 69 81 -44 57 -21 55 -97 -12 -80 60 49 -98 -26 -89 65 -64 -20 53 -44 -70 99 5 -86 -57 -81 57 98 31
-28 -82 -1 -58 -80 -10 -47 -9 11 -74 1 -21 -66 -51 48 -98 84 14 43 65 -94 -96 8 45 -67 33 -13 -23 12 -74 4 82 74 -45 -37 53 -43 97 -11 59 17 11 -26 96 62 39 40 -66 52 -16 21 -74 -25 -22 -19 -8 22 10 -2 -36 41 -3 -89 23 -69 -15 94 -2 -87 -21 -61 -85 -99 98 -71 -19 29 89 -13 -68 -54 80 -36 -9 -67 -31 -52 -41 -60 -41
-66 -51 60 26 8 4 0 -53 -34 -12 67 -14 55 42 -3 -68 68 29 -86 28 91 -70 44 30 97 15 -27 98 71 -54 -79 -85 -22 -84 -15 -35 -51 -4 -64 -21 -59 -47 4 13 -80 -49 9 10 -9 15 -30 38 -57 -20 79 -98 -65 -66 -27 -70 -56 -81 51 87 31 78 -84 14 3 73 -87 -72 41 -84 -43 -61 -13 35 -72 62 37 -34 -19 -83 -43 -48 25 12 32 -64
47 -13 -76 58 -93 -12 -16 -94 46 -81 -86 52 20 -1 28 -68 18 -74 81 56 82 -69 75 -59 -7 -24 52 23 46 69 1 17 -46 50 34 6 -20 83 -68 -41 22 15 -23 -67 11 70 53 -93 -42 39 -40 92 82 83 87 -76 -90 -49 -46 15 -28 87 27 -82 -44 -52 -66 38 -51 33 -96 -14 29 6 -72 -9 36 -81 73 -49 -14 42 94 30 21 77 -64 -21 72 55
-93 97 -87 -13 47 -14 -86 30 -29 -37 94 97 75 -16 -62 -1 -54 3 80 91 95 -92 80 -51 -41 -72 -44 52 -56 -65 72 -10 44 -68 42 -44 -91 -49 -64 20 80 -6 -59 0 67 71 40 -76 70 -82 99 -12 73 -32 -75 -78 23 -63 -41 -88 -63 3 31 90 -23 18 20 -10 96 -19 -17 21 72 -50 -63 -9 12 29 23 -74 41 5 -61 34 91 -83 -9 9 -26 64
-21 1 -58 -40 16 5 -33 -41 44 76 77 -69 49 -26 15 5 26 25 -70 35 -99 38 -59 15 41 64 69 -53 -9 -46 -9 -53 80 -92 -81 67 -33 17 23 -26 55 -81 2 -58 37 18 -53 1 72 -13 -33 -9 -14 27 -45 39 47 -83 -62 -42 12 -55 -58 -37 -96 -21 -47 86 -3 4 30 -73 94 -90 64 -78 35 -99 -80 -27 -70 -95 -40 9 -68 -22 36 14 -5 47
71 -93 72 -55 60 47 72 58 94 14 18 38 93 13 7 -30 -73 -26 -77 52 90 -36 -70 82 29 65 94 18 -74 34 -37 58 -12 -65 82 26 -49 -11 -74 -8 -92 3 -86 -8 -70 69 82 -88 -92 17 -78 -4 34 34 34 13 94 -37 27 23 -53 14 -18 60 10 42 49 -37 -40 -89 64 85 61 -85 -36 -56 -59 36 13 -77 -90 55 -43 9 -71 61 28 60 30 -7
72 13 42 12 98 -65 27 8 25 3 1 15 28 98 -75 94 -43 -82 -39 -72 -55 88 -64 -61 40 -86 86 -94 97 39 70 -45 -27 -36 -75 -44 -39 30 -42 -49 -26 -83 76 -53 42 -38 41 62 -41 36 36 -65 -20 -91 -40 53 -53 -59 -10 14 93 -43 -20 -78 72 29 13 65 98 -4 -52 62 -81 -91 -58 19 34 99 -2 85 6 -17 6 14 -6 43 -11 20 -63 -96
