-54 -95 -19 85 -5 38 -21 -17 14 11 35 6 -56 -57 -55 -49 57 27 -19 55
-19 -61 -39 -47 -52 -62 -20 39 -98 73 98 60 81 -57 -39 56 87 -30 16 -75
67 61 89 44 -55 -51 5 -76 32 -98 -99 11 73 74 -51 -69 69 75 -55 -84
77 95 7 -91 -30 73 84 6 80 71 -55 71 52 86 53 -70 -17 -54 38 -6
-38 -23 -82 98 -4 50 -97 69 20 -94 64 3 46 -63 -12 92 -61 -33 31 80
-35 -4 -98 -45 8 -28 41 -37 19 -58 -55 95 53 62 -61 76 -37 43 -35 -93
-28 -30 -3 -2 68 -59 -88 -58 -79 -67 93 -67 58 29 14 -65 -13 18 -11 -79
-17 -14 94 62 -77 -56 21 -41 4 39 66 -3 51 62 -92 -92 8 38 -14 -35
-65 -92 15 -76 -2 -27 95 22 87 87 10 -89 74 31 90 -86 -17 54 -74 11
92 59 26 -14 -4 -45 -42 4 -96 -57 -32 74 -19 64 44 94 31 1 64 86
3 35 61 -30 99 44 14 -85 89 -51 6 36 41 13 79 69 -70 70 -7 70
-67 57 -80 -97 25 18 -45 19 -76 49 17 -79 -25 94 70 -32 30 88 20 -53
75 -67 28 -41 -90 82 47 51 21 61 -58 93 -89 55 10 95 -13 90 -75 6
-90 -1 -1 10 -54 -74 -57 8 33 38 -23 -96 87 7 -89 -19 47 -87 -70 -96
57 6 -89 65 31 21 -39 30 55 58 -92 -76 -85 85 -5 59 18 36 -75 -95
-40 95 -19 10 78 81 -38 96 56 -13 -70 -99 -76 -94 67 -29 -39 -23 -40 -14
-95 96 66 77 35 3 13 17 -23 1 42 65 -16 -32 21 -82 75 99 46 14
96 -8 -74 61 -32 -54 -21 98 80 -59 96 -14 -59 -9 -7 7 -42 -36 10 -17
-85 -31 76 26 90 50 20 73 -66 -10 81 3 70 84 8 -48 -91 -37 -5 79
69 70 24 23 65 48 -77 -93 28 22 21 -48 -24 42 37 96 -27 22 17 -41
