23 -91 -27 -22 35 -18 40 77 15 79 -46 -26 88 43 -19 52 67 -4 -33 -25 23 30 4 89 68 70 15 -86 47 81
-49 -86 20 69 66 -28 -19 44 63 -2 33 93 -79 84 69 -87 61 -10 12 76 -88 16 -21 -38 53 -3 -21 78 -15 -23
62 89 -27 -36 49 72 0 -60 68 74 -19 -19 90 -79 -9 -39 -95 97 -21 62 -35 -11 47 -26 96 19 75 76 74 -64
-45 -49 -1 74 51 87 -43 72 24 -7 98 74 97 -80 -64 -34 -7 -70 -73 33 21 -41 -80 -46 98 72 86 -24 -13 46
61 -40 -28 99 -31 24 -8 87 30 -90 38 -30 50 -31 -15 81 -50 -32 80 -61 -5 -5 52 -50 -38 -60 -55 -17 91 0
8 52 29 85 -61 16 96 67 -3 61 -27 -44 -27 88 -54 -6 53 -25 89 26 60 96 45 99 8 -30 83 -40 -74 23
98 -42 3 79 -94 37 -55 61 42 -9 21 -28 -81 -87 81 75 -70 -66 -14 70 -79 -37 57 37 95 11 6 -85 -96 11
-38 30 39 -90 -35 3 79 92 60 88 -80 28 -12 14 46 -16 -12 9 30 58 -88 8 -50 -31 -65 86 -4 3 -86 62
98 76 -67 76 -76 43 22 -5 4 -32 10 -29 96 40 -56 -29 97 32 95 -18 -68 -96 67 84 -62 22 -14 94 94 32
44 49 31 -98 -38 90 -93 -75 -38 -16 3 -60 -92 -79 -24 -80 7 -12 -78 -96 -37 -72 1 -50 -6 -28 -88 -46 52 96
-32 -30 99 -83 -49 -91 79 -78 26 -70 -84 88 8 5 -32 0 55 21 -62 -69 59 -3 -92 -58 58 29 23 86 -27 -1
-91 -60 49 88 -48 -38 -55 -59 -76 -44 -89 -18 50 85 15 -6 -90 -98 -88 -20 -29 -46 -90 69 81 19 -37 58 -25 -19
13 -28 -77 -50 57 -32 82 -66 25 83 -38 26 26 53 64 -81 -97 21 -12 87 -21 23 -67 43 -93 39 98 13 28 -83
-3 61 -68 66 -24 -84 -84 -44 7 80 -54 77 -35 72 13 -89 -29 -75 -36 82 72 -48 -26 41 -35 -59 87 67 15 98
-39 -95 -82 -98 -8 -64 40 72 39 -33 -84 19 7 20 -78 -36 79 -89 79 99 -28 -36 -42 -3 -31 -48 5 44 34 -36
-11 -90 -75 -43 -80 10 2 -13 64 -20 25 43 -69 66 33 23 78 63 88 46 33 -84 -14 -32 -97 -23 -16 58 22 78
4 -56 3 -9 87 -62 49 46 67 -50 -31 79 27 -90 -7 -41 72 -84 -31 84 -51 35 -82 44 -84 -33 -24 80 57 -11
-5 0 -11 -77 65 26 51 -14 47 94 -92 -26 74 -57 -62 76 22 21 -19 11 29 -62 -73 36 86 -82 -41 -1 -81 66
3 31 -46 -75 -43 73 -38 78 37 20 -40 96 -48 -30 -54 80 35 -55 24 -1 52 -76 -20 24 -21 -30 -10 -99 -78 32
44 -7 -35 -14 -22 -57 -34 68 44 52 -33 -29 -26 73 85 50 -28 56 47 -25 -6 64 -16 52 76 -89 40 -86 -86 -33
-63 -7 54 35 -12 20 26 47 -20 45 84 -74 -21 79 -11 37 -9 -30 55 -15 1 -54 79 99 -36 -40 -59 -17 -22 -48
-68 48 26 40 62 4 -38 69 24 71 67 -97 10 -7 -57 45 20 64 -60 -65 -76 17 -56 15 79 -54 80 -21 -87 -84
-18 -38 41 98 -27 81 -88 64 -93 -39 53 46 -28 20 99 -53 74 73 -58 5 -19 62 -40 95 82 70 79 -66 -78 -55
2 -52 61 99 -31 -3 -50 -34 12 -42 44 76 -9 -17 -8 -38 15 53 -33 -51 80 -47 25 -87 -42 19 30 95 1 -5
-73 77 69 -5 74 26 57 -90 41 -93 44 55 -7 43 -59 16 -87 78 58 57 95 -61 95 -36 71 -68 86 -17 20 -49
-17 5 -7 -29 -5 27 30 42 -94 39 -8 88 90 79 -53 41 4 98 77 43 -77 -91 46 -71 -56 35 10 -29 79 -91
-75 -58 36 -3 -82 37 -33 19 89 42 88 15 48 -18 21 68 -79 79 -84 -35 49 -8 65 92 5 -5 49 87 91 -52
-10 -2 48 -25 50 77 14 0 -79 97 69 81 -77 71 -36 15 79 -13 -22 28 -59 33 -73 -51 -6 93 -61 -79 -95 35
-23 -12 50 30 97 -66 71 28 -71 94 -82 -23 -4 29 38 -33 10 67 -52 42 74 49 79 -4 36 -70 49 -98 -51 -4
-53 6 52 -49 41 20 35 89 70 -72 44 54 13 72 -25 -49 -81 -78 -41 -53 81 39 31 23 48 96 -47 48 95 80
