45 -12 -82 -2 5 -18 -2 -38 -84 70 -52 88 3 51 -46 73 70 91 -70 -15 -95 -10 -11 -64 -75 -37 -37 -13 28 48
53 -87 -95 41 -76 -39 2 -31 -77 -32 -11 50 75 77 25 96 -86 -60 62 82 -11 -76 74 64 -94 -36 76 -20 99 -19
-74 -7 -40 15 -30 -42 20 -88 -21 94 -67 -44 61 -33 81 65 -11 -95 28 -19 4 -59 -22 -12 -54 -91 18 53 -43 7
-33 2 41 -30 -55 57 -3 66 48 -57 62 -70 89 -52 25 78 -66 82 36 -85 -72 -62 -65 -73 54 82 -32 -32 -9 62
-38 42 -96 -84 61 45 -98 66 -21 -78 -43 45 26 34 4 -13 -29 -75 -68 65 -47 -20 -34 -22 96 -44 20 74 -65 40
-42 94 33 -57 -17 -7 -34 -66 3 -70 -25 9 -65 -21 58 2 59 -88 60 -68 53 63 -22 60 -7 19 64 -88 -20 -62
-29 -25 31 -57 93 77 41 21 -20 -37 82 87 48 0 -77 20 67 -62 50 -37 60 -80 -56 -39 -7 -36 67 17 35 10
92 -20 -12 -67 -90 -85 -41 97 17 -28 -11 -12 85 79 33 87 21 60 11 91 -30 -86 -31 -77 -86 84 -2 1 -5 -60
0 62 -10 -77 7 -2 92 38 -62 23 -75 52 77 20 42 60 69 -1 -12 -21 -7 -90 73 97 8 -40 59 56 35 -89
-31 -74 -49 0 -35 94 -30 83 -78 16 -3 94 82 92 -18 95 88 63 -63 64 -98 37 -54 -26 94 -45 -82 14 78 -57
85 -77 49 68 39 -17 90 -17 -81 -63 -72 16 21 20 13 -29 15 2 -76 63 -6 -53 21 1 14 82 -11 -10 -14 -59
-30 -29 79 -81 -36 -27 62 -48 82 -65 -6 31 39 75 -28 58 68 -85 41 63 19 -55 64 -55 84 -84 -39 -74 42 79
-51 -46 -71 37 98 28 -70 99 -39 89 -31 31 -69 -23 -37 35 71 80 -87 -77 -10 -25 -79 -86 -10 -55 -16 73 77 31
10 50 68 -83 60 62 -52 78 14 -16 -94 50 87 93 -80 -93 -40 79 -48 96 -73 35 81 -77 -52 -21 -16 -2 91 -90
21 5 98 -46 75 -51 41 51 1 -66 -33 95 -86 -95 -18 94 22 10 81 -75 27 76 48 97 -76 -50 -43 8 -55 44
99 99 -57 19 -77 -16 -35 -85 11 -85 -8 51 66 7 -89 -51 -4 -53 55 -41 38 34 -44 23 59 -34 -30 80 16 -48
40 17 -62 48 18 -30 48 88 -24 -48 -29 -73 78 -69 -57 50 0 -6 77 64 -59 64 27 27 31 -6 33 83 -89 71
-89 63 -10 41 13 -13 -39 9 -92 52 -37 -61 -65 -11 5 39 30 -56 54 74 -96 -36 80 -12 13 12 -36 -98 -5 -68
-61 -15 -74 -54 28 -92 18 -85 -39 -74 -48 -71 -37 60 -11 64 -30 17 69 63 -46 -1 54 24 21 90 69 -89 -82 -60
-96 -61 -78 -63 82 98 -86 24 93 -77 -61 47 99 -40 22 93 -66 12 -54 28 20 -26 -35 56 85 77 -91 -14 -50 97
18 16 57 -84 -83 15 -97 -63 -5 -85 -81 27 -69 50 -65 92 91 75 -31 1 56 82 -69 -20 -61 87 -97 6 24 -99
-84 40 -97 -22 -33 -44 -85 -34 -75 -30 10 -49 1 -65 -56 55 -70 -23 -41 -26 64 10 65 -74 30 -45 -82 -53 -46 -73
-49 4 79 -75 61 -91 -23 12 -6 -79 -6 -15 -54 84 -76 63 -96 24 77 11 -70 26 10 7 33 70 66 52 81 50
-35 -21 16 -52 19 -22 78 -16 93 -19 -27 -55 -64 -37 -55 -1 7 -60 87 10 84 -79 -96 -99 13 -12 -61 22 -75 -40
-2 -72 -34 1 -24 -54 -58 -2 -74 77 -50 22 -54 -63 -83 68 90 -40 86 51 7 -98 92 6 25 -64 -88 90 -65 28
93 59 -5 93 -36 -35 -17 87 74 -10 91 -12 36 -12 -15 22 -85 -90 78 99 61 -35 -73 -42 -48 84 20 87 37 85
58 20 44 -94 -75 37 -50 25 76 -22 -37 -86 -95 38 -44 51 94 1 88 30 -42 -2 -92 -19 -48 18 -77 -32 -77 -50
78 -67 -4 -12 62 -83 27 -2 -64 -3 -45 7 3 -98 -37 -1 -25 -83 29 -4 -91 -35 -71 -91 -55 5 -10 -5 47 -5
43 -98 75 -99 82 37 -3 39 -50 32 86 -50 89 -13 30 -6 -96 -64 37 12 71 -28 -91 -9 -3 10 31 74 -51 90
59 -58 43 49 4 -77 96 26 38 -66 13 18 15 -62 -65 81 90 19 -44 -66 74 -35 38 85 82 25 9 -70 -34 13
