-88 -80 10 76 -34 40 -31 5 33 95 -77 -23 -19 69 61 -37 -10 -55 -59 -98
8 -70 88 79 36 -25 60 -5 -42 -50 -8 50 48 26 59 -6 38 -22 -7 -7
81 7 -97 -32 8 -16 -89 73 6 5 -15 54 -62 57 -24 75 -12 54 6 8
-70 55 28 9 7 66 8 55 96 -87 76 -4 -23 -56 93 7 -46 -42 -26 -20
69 73 -22 80 -34 80 20 66 60 -55 17 -66 -67 38 -23 -64 93 -35 -49 -24
39 -50 59 29 -55 79 -97 -69 37 72 63 -42 66 7 22 -47 86 -57 -77 42
85 47 9 44 -31 -20 7 -99 1 88 39 97 -86 -74 -35 76 96 -8 49 -87
56 69 -76 55 77 73 -47 2 -26 -12 -46 -48 -24 19 82 66 39 -23 -80 5
-63 -47 64 -38 10 23 -1 31 98 -36 -90 -74 90 78 -44 83 90 -16 -8 16
-70 3 74 -20 66 -80 -38 38 60 -52 46 99 34 77 22 84 -13 -21 -15 -67
12 59 -6 -23 38 -37 94 88 -68 -11 -93 68 16 4 -14 2 7 35 -57 98
85 67 -2 -57 -48 87 6 -66 63 -22 74 -48 89 2 44 -75 -54 67 -62 73
99 -37 -53 -70 -53 53 -37 99 -37 -96 19 5 -42 11 44 28 -65 24 49 71
-85 85 41 -48 -6 7 -56 52 66 -67 61 86 31 7 -57 39 53 49 10 18
81 40 71 18 -42 -12 38 19 34 -53 71 47 43 44 -41 -96 22 -99 72 18
-16 67 57 -37 22 -96 95 -9 76 65 70 92 -47 -81 8 1 -90 41 76 74
56 46 -24 -70 -92 27 96 29 -22 -39 -17 -2 -96 75 -28 -4 -12 87 -1 -14
-82 4 39 8 -97 -89 34 65 25 52 -27 -60 24 -47 -49 66 -3 86 -39 -31
78 -16 -63 -67 62 29 60 81 -60 44 73 60 -19 92 -38 -45 78 43 -34 59
62 -79 -60 -92 41 -19 -16 -89 -92 90 75 57 88 59 -35 56 -44 -62 75 33
