-82 64 -78 10 62 -93 -5 -59 -82 -74 62 -8 5 -28 12 -76 32 -71 -45 35 -64 34 -90 -43 -94 -28 -71 -10 -82 17 -59 22 56 -58 94 -15 -86 60 62 -17 -51 -39 61 -56 50 -82 5 -3 37 6 -58 75 -43 40 95 86 22 81 -65 -86 81 1 21 -83 -95 44 81 64 -95 61 57 -36 -96 80 -81 14 -75 14 24 -57 -65 80 46 7 -29 -7 80 -61 -98 44
-35 -42 -47 45 -90 73 60 -58 -62 97 -66 -37 -69 29 -45 -13 -90 -98 39 38 -3 -96 80 -79 -16 -79 -94 63 -12 15 -26 25 80 14 -21 -31 -2 -70 -55 13 -43 -11 46 -54 93 -75 -76 -96 -74 9 71 84 -2 -14 -65 82 -78 -16 -14 -7 -78 -91 -78 4 82 -83 20 83 -92 13 -90 -73 -82 7 -38 -8 -5 75 -41 -40 12 -12 43 -56 41 77 83 -72 -91 -14
-33 -1 14 -59 -90 62 -11 58 92 -70 76 -85 -18 35 -62 -36 -95 88 -76 -97 61 -79 68 -11 -63 13 46 27 -70 14 37 31 -75 81 -80 91 -94 -70 -74 58 33 -98 -71 39 27 -63 -31 56 -46 -18 -98 38 38 85 87 -28 -38 11 -65 -43 -15 -29 -11 80 -82 1 29 -57 64 -11 79 -98 24 77 46 -5 -13 77 -4 -29 42 -14 84 -97 -44 -66 86 -71 -22 68
5 88 -33 87 -52 58 -39 -72 65 41 10 34 -43 -74 67 47 -34 92 -9 -50 -77 71 -1 44 -58 -63 -92 -18 82 36 34 4 42 -37 23 34 85 97 -29 -76 -84 -71 64 -48 -23 -51 -1 73 -19 -71 -42 -34 -9 0 -79 -28 3 1 49 -66 -60 51 66 -5 37 79 43 77 50 17 -12 -47 49 -5 -96 -29 -47 2 -41 67 -57 61 -84 23 4 24 71 84 -12 -33
70 6 81 28 -69 70 -31 54 -47 -23 99 24 61 50 -38 -75 28 75 -41 57 35 -11 -65 -75 26 -64 91 23 83 85 -29 24 3 87 66 35 -80 39 -82 49 82 -32 41 44 42 -14 72 -30 21 -2 18 78 51 56 17 -58 -25 44 -80 -92 99 -54 94 99 18 -61 86 -37 60 5 -32 39 21 14 41 -25 87 82 63 60 9 -36 45 -2 51 42 -40 -84 7 34
52 92 39 -7 -61 -55 31 78 58 63 31 -65 41 -20 30 12 59 -54 75 61 56 88 61 -94 59 -7 90 -33 19 -80 -73 32 -31 85 -70 91 -71 -23 73 -54 11 -14 16 -72 3 18 -3 69 69 76 -22 -62 19 -40 88 36 8 28 -86 83 -84 45 -58 77 4 -18 18 28 -20 -83 -32 79 98 60 -99 79 -10 26 -24 -72 -22 -36 -16 -56 -54 14 -30 -14 -86 -22
-71 -26 99 -56 -68 29 -24 -55 11 -11 -18 59 73 -67 -81 95 81 93 -34 64 -31 -48 71 -60 2 24 -27 -10 -88 -13 70 12 -51 -72 -24 -48 -45 -46 41 33 39 58 -56 18 -41 60 67 -18 76 64 91 -63 16 -61 82 -41 -25 23 68 -84 -11 3 30 14 77 21 -47 88 -88 -24 44 -53 53 -34 -3 -41 27 -60 -59 96 -40 4 -97 -82 81 -81 -8 -95 67 92
26 -98 -62 93 -71 64 64 96 -19 -50 92 12 48 69 -52 81 -23 -60 8 -31 -7 59 -15 -42 75 24 -92 91 -95 32 81 83 -95 -79 -68 -54 10 40 -27 -80 -51 1 97 50 76 -83 60 80 -51 74 -85 -33 95 -77 -64 44 -24 51 -97 96 11 -17 16 -25 54 -28 -4 52 66 20 56 76 -41 67 -30 -5 30 71 -22 -43 0 70 58 -56 29 -14 -69 32 -95 -50
-16 3 22 78 63 -35 22 13 96 -48 -42 -81 -12 89 48 -91 81 -85 63 -56 25 46 -71 70 -64 -80 -94 -38 98 -91 -20 -26 79 -46 -95 -34 35 70 -6 -99 -69 43 -61 51 -87 20 -4 -26 -67 -44 44 53 -93 70 94 60 37 68 -97 21 -41 78 -10 -6 -34 44 -10 -18 -6 85 -35 30 93 57 5 94 5 86 19 72 23 28 4 62 -58 -5 -20 -65 -14 -45
51 23 -57 18 40 -89 80 -16 74 -53 -22 60 -8 96 7 -63 -50 -87 -93 51 -2 -44 -30 -56 45 -51 -36 -24 -96 -94 7 52 59 -55 67 -93 -40 -37 44 -69 53 -65 -17 -30 32 -63 58 -60 -48 82 23 10 -8 -39 73 65 70 15 -46 -67 -50 -70 -1 77 21 26 -40 -16 -68 79 -37 -89 88 -22 27 -2 -55 15 46 41 -87 -85 -67 -22 -18 29 -68 -4 70 60
35 85 2 -65 -57 51 43 -51 85 98 28 70 70 18 -59 -33 91 53 54 57 20 -27 45 57 -22 2 -90 -81 20 60 -77 -83 66 32 35 22 49 24 -11 31 71 -44 -37 -13 16 39 61 -97 49 96 65 -3 4 -67 -45 -11 29 36 10 68 -61 -29 63 -3 -11 79 -44 73 14 8 15 1 -87 -71 -2 -15 99 92 57 66 40 6 37 -48 -34 -66 38 75 -31 34
70 -29 52 21 93 -27 15 9 88 51 67 -22 84 69 -84 -14 -46 -38 -23 10 93 -41 -73 51 -23 2 -80 55 -33 57 -62 -97 77 -1 78 -10 -97 62 -71 -19 54 -68 -84 -93 -54 -47 98 2 -90 80 34 33 -41 95 18 -14 -51 42 15 -23 19 -90 -5 85 91 23 -53 -43 82 -48 -61 69 51 -73 32 4 7 -14 88 62 16 -3 -91 89 -21 -40 -73 -90 -84 26
78 30 -28 -58 -47 47 59 -18 27 50 64 -43 -61 50 48 -39 -67 51 93 -50 96 69 67 -53 -36 88 -47 95 57 39 39 92 46 -69 56 -99 -69 -58 -47 9 -90 15 -51 -1 -1 38 96 88 -72 -63 -1 -17 -4 32 -82 54 -42 68 64 -29 64 21 -58 62 -51 94 26 57 -91 85 82 -18 -96 56 12 79 -16 -17 -40 12 -31 -60 19 42 2 -9 59 39 8 -98
85 26 39 19 -78 -31 2 -12 -42 -18 67 49 47 -66 -84 -6 93 -4 2 -62 57 -30 3 -25 53 3 42 -82 -67 -48 -51 22 19 38 -17 82 -60 -68 -16 61 -76 -58 9 -15 42 21 -31 -13 -44 -89 3 -89 -50 70 99 54 15 86 91 96 -68 -94 90 47 46 92 48 23 81 92 49 -92 -20 -58 -13 56 -97 -62 18 -77 -44 -78 -76 50 -40 -11 -71 14 -30 -9
-15 50 26 -83 -64 -10 55 3 -37 25 -38 -17 22 84 72 -56 -7 -80 25 59 -37 32 -31 60 -41 -22 14 92 -49 -93 70 69 80 -13 65 39 61 76 48 84 48 57 18 79 -65 -93 -30 54 -44 -88 27 -58 -6 81 19 47 -50 -84 87 -35 15 -19 88 1 70 78 35 42 -22 -81 53 -55 59 -71 87 -90 83 -44 21 -50 82 -64 -88 57 -35 -30 72 -22 44 33
-71 -73 -30 -76 23 79 53 -84 98 18 -74 -91 -25 -71 39 20 -28 -21 47 72 15 37 -24 -31 46 -14 50 23 15 94 32 57 -23 -17 -57 -61 -83 40 44 38 -60 -4 -30 -99 59 68 -65 19 -28 87 -20 69 -31 65 -55 34 -54 22 -28 28 96 -97 40 -97 37 -42 82 -10 -95 18 -77 -2 78 96 21 68 31 31 63 10 40 -79 -67 -42 38 -47 -15 -8 92 -82
17 -56 -54 76 -71 2 -57 43 -68 -16 56 24 -49 -60 -72 19 -63 46 -88 -50 87 -13 -55 77 24 65 -5 13 -48 95 38 -61 37 -65 46 -74 -91 -59 37 -88 -17 60 -79 42 42 85 84 81 33 15 -93 -6 90 -23 -22 -24 28 -44 45 -73 -66 -20 -69 83 17 99 62 -59 -32 69 86 -66 63 74 -25 -13 -55 45 80 -98 57 23 0 -92 25 -2 42 29 44 -19
11 -29 32 77 -59 -20 -29 -46 -69 84 -50 -84 -65 30 64 45 -62 67 87 -16 -59 55 3 31 2 -88 9 51 -92 -65 72 -4 48 -71 49 95 -74 51 -14 45 7 -27 -38 65 -63 -35 -47 24 -91 73 -83 -84 -44 62 74 -36 -3 -37 -54 -10 5 -2 18 -92 -73 2 -74 -57 80 -61 83 -31 -50 -31 70 -23 -3 23 59 -73 -60 -95 10 -72 86 -66 67 99 -80 -83
-53 27 -50 -68 75 -1 -26 -89 -97 25 -3 35 97 27 -42 62 -44 97 43 -25 51 86 -74 -80 54 48 93 -87 -51 -76 -75 -80 77 -52 -48 -78 88 14 -59 -82 -33 33 -55 -62 26 -94 -30 85 -67 -66 31 -29 92 -93 75 -33 99 4 -41 -92 16 -31 -47 37 45 -99 -69 48 -43 6 -77 -70 72 17 10 95 -8 -62 91 99 -65 -74 -26 28 -27 -16 -77 -74 62 -87
-31 -65 44 -1 97 70 -93 21 64 -1 -21 96 -33 44 83 79 -93 -82 -79 45 -96 -62 49 50 88 27 1 -75 95 15 97 -15 -18 -44 69 84 -75 26 -86 99 -47 48 -27 -42 -91 -76 5 91 -5 59 -87 -21 48 37 53 7 42 -13 -69 96 -2 17 -71 56 -35 46 61 -63 25 56 76 -19 -71 38 60 -1 -41 -59 -3 -69 50 -60 83 -26 -94 -2 31 20 27 36
-78 9 -26 -2 -73 -84 -6 52 25 45 -24 -21 47 -95 2 19 60 54 -51 -9 -41 -71 75 3 -4 71 14 -32 -99 41 34 -15 7 85 13 -44 45 16 -75 -31 -48 41 -22 -56 -22 -76 72 11 71 -14 -76 -2 53 -80 -43 -99 -73 31 21 87 -37 80 21 -50 72 44 26 66 81 -20 91 -21 -27 -84 -87 98 -5 -33 25 70 38 -3 -47 -52 -98 48 61 -82 70 -60
58 -18 -28 21 -80 -92 32 -11 -73 35 16 -77 30 30 76 -16 62 3 31 75 31 -35 87 -90 7 -92 -39 -65 -75 -94 12 6 64 -38 27 -26 49 1 81 38 -39 23 29 10 71 42 -9 -50 47 57 -51 -45 49 -82 70 -24 3 54 -85 6 -96 51 -53 -22 61 55 -40 -93 -92 20 -59 35 17 -38 -24 -15 69 5 46 42 64 -26 27 -52 -8 -69 -31 -17 -91 5
86 48 -43 -41 -4 83 0 28 -86 -92 -60 28 -23 98 3 40 37 -50 -52 77 47 15 49 -59 77 49 54 -50 -6 -26 59 -88 -34 -31 91 50 -93 45 -45 20 -79 50 43 -27 -54 73 -79 -76 -86 -22 -78 78 7 -48 -65 42 6 36 68 -67 94 -62 -82 -91 26 -94 53 -9 93 -43 -34 -3 -86 25 -37 -75 65 -90 77 -36 -30 54 -16 -37 -26 29 -75 -17 67 -5
59 -96 35 -51 -25 -94 66 -97 12 -56 -42 45 5 66 41 79 86 62 98 71 -21 -90 -48 40 -19 18 6 -35 25 -35 99 50 -36 50 25 -84 91 52 11 12 -19 -72 6 12 33 65 -95 84 11 -38 -46 -49 -99 -4 -57 83 95 68 -46 10 51 85 -38 -85 95 -44 -73 30 47 14 41 -62 -90 28 -27 -99 90 73 80 56 -28 68 -34 13 -38 79 24 -61 72 -61
-29 22 29 -67 -62 45 97 35 34 4 -53 -56 -83 54 -30 -67 -6 -23 72 30 86 -63 73 -1 92 -2 -55 -53 57 51 99 -26 96 24 42 -43 -72 30 -12 67 93 -15 -54 -90 87 17 34 24 81 26 80 51 24 73 -10 53 -43 86 49 -56 84 -79 82 -28 32 25 -84 79 61 -94 -10 2 84 -1 -9 -21 33 14 50 39 -16 -52 -15 -78 -83 -49 -62 99 84 -59
-36 -38 92 76 57 99 -41 55 -77 94 23 21 -3 18 55 -23 61 -67 0 60 92 86 -93 -27 -9 12 -42 -7 48 26 26 45 -69 -69 64 58 91 -54 -81 -8 21 -3 38 75 -72 51 13 -24 50 -31 76 58 -76 -85 8 3 -49 1 90 -75 40 3 -98 90 11 59 -12 51 -55 57 28 14 76 -43 -28 -62 87 52 -60 -78 10 81 28 -18 49 19 16 -72 -60 77
52 -70 78 -65 -57 74 -70 78 -19 1 96 -32 3 -28 3 -61 46 -3 84 -58 33 -14 -90 37 -84 -40 18 -46 -92 77 -96 65 -95 85 92 -51 -11 -54 10 -32 -93 -88 -89 -82 -60 82 95 -30 44 -9 28 -88 75 -37 -62 -42 -10 0 -95 -75 -20 93 40 -94 -61 -86 35 -41 45 -15 73 -43 83 90 -69 -67 18 24 96 -3 -97 37 61 37 -61 -42 -96 -76 -7 -31
-18 93 -46 -87 24 -77 -52 -3 -73 9 56 -49 91 72 -5 53 20 64 -16 36 83 -49 -82 80 76 -38 21 11 92 -27 4 -10 -78 81 -29 -79 -22 -98 10 26 -88 -47 36 -56 -37 -61 10 -57 99 -40 56 44 -73 -64 -78 -91 82 -15 20 -38 0 -83 92 32 63 20 97 99 -30 73 59 -66 33 -79 -57 -5 -82 50 25 -61 -81 -36 -26 98 14 85 -4 3 31 -5
89 16 34 -29 -10 -8 -11 -66 -83 56 13 84 75 -70 -88 77 -97 83 13 -12 7 -93 38 -11 -79 -48 73 -28 18 -34 52 -85 98 24 71 -4 -60 -24 55 -89 -11 -59 -66 -33 76 -78 30 24 80 21 -97 65 53 -11 -6 77 60 90 87 -89 -67 -36 15 53 55 -14 47 24 -26 58 42 88 -51 97 91 74 84 -20 -42 -47 72 73 3 98 -32 28 -2 80 53 -32
-69 5 -34 92 -41 33 -29 91 -31 -96 -35 -68 -41 -83 -50 -21 -26 -26 29 -61 90 -49 -62 15 -99 -15 -33 72 -31 15 99 -38 -97 15 36 -8 74 45 -26 -83 -84 61 -32 -99 -21 54 -14 74 -83 29 39 35 -76 70 -58 -30 40 26 70 43 65 -91 -33 93 -66 18 17 -58 -26 92 72 79 39 -32 27 3 58 -93 24 -85 71 -59 -58 17 -77 69 39 -99 29 -41
3 39 16 46 -57 -9 -99 51 -98 -36 8 74 -49 94 0 56 45 -8 -89 37 -91 -46 1 14 -59 44 -25 15 99 16 58 29 25 -16 41 -43 -72 43 81 23 7 -2 1 -65 -26 36 -38 76 82 -75 -41 -75 -15 -43 19 71 -60 15 -10 46 -40 -21 43 -80 -2 -20 -70 -77 32 42 -67 16 67 -46 -89 63 69 18 19 91 77 -46 47 82 -78 3 -55 -62 75 -68
-71 -70 -53 -17 -59 84 -54 49 63 -71 77 38 89 -92 17 68 74 -66 50 7 -87 53 -21 -94 -5 -62 -70 -49 53 63 66 11 42 92 -78 -83 -21 91 -20 -32 -18 -19 16 -42 -84 82 -92 86 -75 -12 -34 66 43 -45 -18 -59 30 -12 -22 20 -86 44 21 18 -82 -87 20 -99 2 -92 29 1 -34 92 -81 93 -63 53 56 7 -13 -54 76 92 33 -50 64 -29 93 -45
64 -11 -41 -10 -40 -46 -68 29 62 42 -82 42 59 -9 -51 -61 -9 46 -18 99 58 -82 -69 -31 -16 -85 40 75 -35 -39 -75 -99 34 19 74 70 57 -57 -47 -36 90 -88 -20 -33 76 40 -28 -25 42 78 7 78 -10 -36 -45 -26 -86 -71 -88 45 -1 88 38 -49 -97 21 11 -25 -6 60 60 -26 91 93 74 -16 -34 97 -21 -19 47 72 89 -21 34 31 -69 -49 -6 -11
2 -57 38 -46 24 -2 18 -2 45 39 -93 -61 76 82 -31 -89 -2 45 -88 36 -20 -85 -62 -4 -42 72 26 43 5 -33 -1 33 -83 4 66 -17 -38 60 4 34 -77 39 -86 -92 10 -4 -39 42 49 -80 98 9 -82 -76 2 66 -30 62 -56 0 -44 25 19 -49 28 88 -45 47 -43 39 2 15 -56 88 30 -30 -7 -79 29 -2 -11 -18 58 9 83 22 90 -60 -65 48
94 13 75 -85 -81 -45 34 58 57 -89 80 95 55 89 72 31 45 -83 65 27 35 -52 36 19 -83 -7 24 -26 90 -98 9 -16 66 -50 94 48 -46 -41 -93 0 55 -48 1 16 59 -2 -45 -66 27 -14 10 -26 -54 -7 -36 -47 61 -36 -41 28 -27 51 -56 21 65 -87 35 -22 -93 71 84 1 71 0 -69 58 -3 -42 -94 -48 24 10 -2 -22 52 -59 46 -80 14 -76
-52 -76 9 59 -26 -33 83 -81 64 -25 37 5 53 66 70 77 24 9 -19 10 -3 -50 81 -23 -68 -72 -32 20 -71 -98 54 -67 2 -54 -3 57 -92 -37 -98 24 57 -12 -15 -59 -59 -83 52 59 8 1 18 -24 -19 32 58 91 80 -57 -64 48 -34 68 92 22 -66 95 -26 27 36 -43 -93 -4 11 66 -47 68 -43 -78 73 -21 33 94 92 -9 51 62 -54 -70 -62 33
-43 -9 -80 94 -32 -55 -27 -79 17 -83 -32 86 36 88 37 -93 80 47 -72 52 12 -23 -36 -78 82 -10 -90 21 -48 -40 -89 -85 -15 -41 77 74 -71 -54 11 -64 -44 -66 24 -38 94 25 -41 -82 -61 35 16 -42 67 18 75 30 83 7 22 -79 95 83 -9 -89 10 1 -8 51 58 36 33 -31 -54 78 -8 4 5 -69 63 -47 -91 -38 73 -79 -9 7 -39 91 -24 26
-50 -18 94 -25 25 45 -59 45 -31 76 -61 -55 -40 -69 -60 18 -60 97 52 19 -73 -63 -79 -83 5 -29 -94 39 98 7 47 -56 56 -9 99 -80 85 -33 -71 -22 31 19 -78 -37 62 39 56 68 -48 78 -27 83 45 89 -99 83 33 11 -39 3 -80 -62 54 -14 16 -8 94 -14 95 70 74 -87 -15 13 44 -4 52 78 -47 -63 -66 57 58 -56 69 -67 -64 -35 -84 -46
-44 99 -17 -48 88 57 -55 -77 93 -54 62 4 1 34 96 -59 62 36 45 9 -71 -30 -38 82 53 -43 74 37 -18 59 -44 93 -21 82 7 50 -59 -78 -55 39 10 -20 -30 -85 -88 99 -53 5 96 -65 -64 -66 -94 79 -91 42 -60 -49 -6 -19 -66 -18 22 -59 -11 -55 80 62 -82 -16 -39 -45 24 84 65 50 25 16 -53 -99 -28 44 -21 91 -39 23 -39 28 -81 -60
-78 78 -66 92 -73 22 -90 32 -18 9 75 -97 -79 40 -34 17 -47 -69 -8 30 91 -37 -72 -73 15 -94 -19 56 -29 40 86 6 34 -74 -97 71 6 -62 -91 -83 -41 -28 -87 8 -26 46 -50 -6 80 47 2 30 70 78 99 9 -81 56 -32 97 -41 -55 6 81 2 -70 -75 -21 90 96 -43 -75 60 17 -31 -91 23 40 -14 79 -28 48 32 -45 6 35 39 -33 98 -14
67 -16 -83 25 64 -19 50 -8 61 -30 -10 -45 8 -54 14 -17 -46 -41 -28 -6 79 -1 56 -40 0 -45 89 95 -1 24 -7 -27 76 -79 -46 -57 28 -20 8 22 -25 14 -33 -50 -71 38 -90 -1 45 68 73 64 -53 73 -7 -7 85 -86 -74 -68 -41 -61 -47 -89 -2 -27 14 14 57 63 -62 -44 19 -80 45 -34 72 40 76 -95 -95 -86 44 57 94 2 99 7 -68 14
-77 8 95 86 54 28 60 -92 -9 14 -11 34 53 -10 -92 -5 10 80 -71 72 78 -40 -60 73 -86 -8 -38 -5 -51 45 87 97 64 36 -92 7 -13 9 -14 -31 59 -34 44 73 79 -95 -95 57 -68 60 -17 -36 -37 -71 -61 -96 -20 81 -76 28 -97 46 42 -16 -57 -33 30 17 -18 -74 99 -59 38 78 -85 -50 60 -7 82 98 -58 17 66 78 73 35 98 87 -58 64
-57 -9 24 -30 -80 41 -74 98 64 94 -69 24 -18 -9 75 -59 57 63 -1 38 56 -26 -11 -1 -29 -30 -27 73 53 63 78 -53 -16 48 17 -51 -63 -14 -89 -14 -71 -28 -99 -75 22 -49 0 -34 -38 40 7 41 -82 8 -5 77 -6 -76 10 93 39 -42 61 -27 26 33 -4 -53 49 70 -55 -88 -37 -94 -59 52 34 -30 75 63 89 -92 -75 55 -10 40 -42 65 -99 97
33 69 62 -76 -46 80 40 -55 -58 51 -60 -82 92 27 -71 62 15 71 64 5 34 54 72 -38 -4 -42 82 41 98 -46 -10 -45 51 -79 50 65 23 -56 35 80 91 20 3 38 -90 -32 8 25 -93 -36 -59 48 -82 -65 -52 -38 17 65 -6 60 94 -34 26 -34 -86 85 25 22 -75 -99 62 60 -37 -41 -94 33 62 -18 -63 -12 73 -83 -69 -82 -39 -9 6 16 93 4
20 82 -87 -18 61 72 60 -17 -58 83 -6 -26 -27 -71 70 -8 67 20 -7 16 57 34 74 56 -60 -33 32 12 67 -51 -94 5 72 -43 30 -35 32 93 -48 70 -84 66 -49 -85 -70 74 -3 43 94 58 -38 -82 -18 -65 66 -75 -71 -15 32 38 53 -52 -7 49 52 10 19 57 -50 -45 81 0 75 13 -91 -49 -50 8 -79 27 -86 21 -14 -41 36 11 -50 1 -63 -81
24 72 92 -55 59 88 -60 67 85 -36 21 46 65 78 -12 -39 94 62 89 -17 53 -40 95 27 -43 -59 -39 -38 0 -13 65 -27 -40 92 -42 -79 -76 83 -37 43 64 96 -74 51 8 -23 -20 -69 54 82 50 54 1 50 12 75 -72 25 -63 -51 -34 27 -17 32 -27 -10 7 91 -62 11 93 84 -94 -27 -22 50 -49 -20 -99 -20 -66 58 -20 88 44 -10 34 -66 34 -91
-58 82 -90 25 -58 91 -31 -50 62 -40 82 14 -31 -64 75 -1 56 41 63 64 -9 59 -88 -34 -95 -84 11 -53 65 -2 47 80 49 82 30 1 -34 71 -17 -87 84 93 -80 24 -20 54 -9 64 -54 -42 23 25 -36 -24 -18 -82 -11 80 79 21 -46 52 38 64 65 10 66 -73 -67 -3 56 1 -10 -51 11 -55 -78 65 -97 -12 77 35 -95 38 -81 18 96 -72 -17 19
-96 4 -81 62 28 39 24 -73 81 44 82 -53 -60 -44 -18 61 -3 -73 56 64 43 -29 -25 58 68 26 7 -77 64 -74 86 -47 85 2 -14 -25 49 38 56 87 14 -47 -82 77 35 40 45 -13 -61 -67 -84 -27 -89 74 53 49 62 17 80 -50 -11 -64 -35 68 -62 94 -63 28 4 15 67 60 -14 8 1 -3 41 -64 -93 78 -73 -10 11 -29 -89 15 5 -63 90 -86
-15 -32 -16 76 -11 -61 -58 -27 -60 -49 24 48 78 52 -10 -62 71 -3 68 -78 15 80 95 73 93 59 64 -98 8 38 -90 34 -6 41 23 -87 -37 31 91 44 -27 28 -62 86 -86 91 -10 54 -72 -7 87 19 16 32 -24 10 74 -65 5 85 -2 83 -73 -91 -48 -65 -22 -50 35 9 -88 -79 -22 25 77 -44 -39 37 -97 -36 99 -20 -64 56 -26 -11 2 -48 -42 -68
-73 -76 -83 62 -4 20 1 48 6 -84 -82 -61 88 -36 68 -93 94 -67 76 -7 -11 56 -64 -42 -56 9 -20 52 -55 -69 -4 33 -22 -47 74 14 53 -98 25 30 -76 27 -47 93 -39 -60 97 15 58 0 -37 -58 -16 -38 29 -83 63 -58 45 93 -68 -36 48 41 -51 43 -35 -42 -5 -42 -88 46 -72 55 11 64 -91 50 68 -81 30 -75 66 91 69 9 28 -47 43 14
-74 -15 38 -16 6 -90 -29 -95 -6 -90 65 -63 66 23 61 64 95 -16 -71 -92 20 -87 -5 -33 17 35 -57 70 98 95 -84 -14 -41 72 30 -31 -88 -9 -27 -39 -34 27 -39 50 34 77 67 -30 -57 67 -28 22 85 58 -8 78 8 -1 -46 20 -22 87 -53 -38 14 -10 -59 -80 27 -29 32 -2 -94 13 28 12 -89 -13 -44 -1 23 -94 -3 -72 63 15 62 -35 -97 7
-22 -93 -25 -17 -54 -82 6 46 18 3 -64 13 -53 61 -3 28 -66 -45 -39 -92 68 78 -8 76 -22 -10 86 -39 -86 99 -30 7 -93 -39 93 -10 -59 -58 87 -9 2 -53 -10 24 24 23 78 8 -17 12 -2 -48 98 30 26 -21 15 -89 -62 -41 16 29 69 25 -67 41 -34 77 96 38 -97 14 31 -29 25 -72 -77 -67 17 16 -58 29 -81 -94 -1 88 -61 94 17 -40
94 -53 -65 41 60 25 -14 -7 -55 95 65 58 -61 50 33 33 32 9 49 -27 -32 94 -84 33 93 -2 51 68 69 -76 12 -46 68 -72 36 52 -3 91 -58 -13 -25 -52 37 77 73 -9 -44 26 -35 -25 32 30 54 -7 -90 -43 13 -7 27 -90 -63 -22 5 -99 39 -52 86 86 33 -22 43 95 40 53 87 58 55 -79 96 29 56 24 -2 -44 78 0 -43 -23 -85 68
78 30 -50 -54 20 -34 38 -63 80 13 -93 59 52 -26 -94 -37 -77 -52 -11 -75 -13 -66 -74 71 51 -90 92 3 -32 55 48 90 80 -99 -11 97 -12 -39 84 -48 27 -29 -10 -72 -82 -52 -28 -56 64 -8 95 93 28 38 79 -41 -21 -81 52 66 -57 -92 91 27 -85 35 -70 -56 12 73 73 35 -22 -45 -78 71 -86 -85 -75 60 11 36 16 -46 42 -22 -44 -7 -79 -45
-52 15 -16 3 55 -37 -56 80 13 -11 -31 -39 39 -19 20 99 -83 -51 81 63 -12 47 46 66 -88 -39 -4 43 30 29 -29 90 14 -60 -7 78 69 14 55 -98 38 -23 93 55 57 16 -15 -37 -41 43 -96 -60 -31 -16 -67 8 -83 44 53 -9 14 54 86 -73 -44 53 -31 -98 -98 -70 41 49 37 -78 -29 -91 93 40 -15 67 -77 58 80 60 75 12 11 -45 59 58
-29 -20 -20 -42 -28 30 -30 68 63 -88 97 12 83 -37 94 79 84 10 67 -40 -42 77 -93 -43 -61 -16 -18 59 29 -83 72 51 5 -56 -16 -56 22 -22 -79 -91 -24 -44 40 -37 20 55 -46 44 9 -50 11 72 94 72 -55 74 -14 11 73 -43 -24 -41 90 -89 -51 23 -10 -57 -34 6 98 24 -64 -31 41 -6 56 49 -8 -7 -84 -4 -38 46 -30 -99 -61 -22 1 -21
34 -30 86 84 13 54 98 42 86 20 -18 95 -65 72 55 36 30 -25 -18 39 -53 65 -47 -37 91 24 -14 -83 -1 62 16 69 93 -76 89 55 -50 53 -77 52 -58 -80 90 -44 -87 38 73 75 22 58 72 71 7 -47 89 9 -46 -74 2 -36 71 48 -31 26 82 -88 44 -71 55 64 -85 32 87 91 -87 12 6 -51 26 74 -65 88 -98 27 25 -92 88 79 -37 38
-97 -82 63 30 -6 -72 -32 90 40 -95 -91 -41 -70 64 -18 49 41 -25 49 13 -16 -80 52 -93 79 28 91 -13 -3 83 70 28 75 43 55 -79 -82 9 -40 24 66 -92 5 18 -97 -46 -70 -9 48 1 54 -76 35 95 60 68 86 6 -41 -7 -52 -24 -18 31 59 -48 -97 90 97 -98 7 -88 92 -69 49 34 95 47 78 38 -1 37 9 -75 50 -86 -69 -7 -88 -99
65 -69 50 93 64 54 -38 10 49 78 87 39 47 -62 -86 -98 -27 -8 -19 83 25 70 -78 -79 34 -39 -9 79 41 -70 -75 -73 30 -79 -49 57 -93 66 99 25 36 -83 54 56 13 -16 91 -55 79 97 69 45 -69 54 -27 -99 -30 -86 -34 12 24 -21 -7 51 -28 -9 18 85 60 -94 61 -57 26 -57 -30 37 91 -8 68 46 26 54 57 14 -85 33 90 -9 57 84
83 2 30 -53 29 97 90 -58 76 -16 -31 72 78 -59 -72 -50 58 58 -87 -29 -52 91 -4 -60 -15 38 -57 15 55 3 68 -67 -19 13 -57 -91 56 -18 -25 -4 34 -38 42 -21 -92 9 73 41 -23 22 -93 80 1 -42 74 -97 -88 37 -82 42 -71 2 -39 46 -87 52 -47 41 -17 81 8 -81 61 -7 41 84 -30 22 95 73 92 -37 -63 92 96 -6 -74 -81 -59 -77
43 -80 19 19 28 -50 -12 -21 94 2 -96 61 7 -98 27 43 52 47 8 97 87 60 -57 -75 -23 90 -32 95 65 62 50 -5 55 -37 -15 16 -89 -84 -22 79 -81 -44 36 -27 -18 -94 -17 -13 25 13 -29 -51 76 92 13 86 -37 -26 -68 -14 -18 -76 -36 -88 4 -75 83 -88 42 25 -45 63 -26 24 -10 15 86 61 -38 -86 73 -39 89 -17 73 65 11 -19 13 57
10 71 -8 -36 -74 98 -89 -51 13 -85 -75 26 -96 -66 -18 7 -86 -91 -87 3 69 -59 -60 15 -56 61 -34 -55 75 -73 -91 -81 -50 20 1 -91 34 -98 -1 0 4 58 29 87 65 -69 -51 20 76 -13 -34 -30 84 2 -44 70 51 -3 -53 88 60 -41 -31 57 58 28 -70 -96 17 78 7 -25 -84 25 8 20 57 51 47 -53 -77 9 -35 32 19 -10 -28 -42 92 -18
0 30 17 -51 72 68 -3 -92 -68 36 -44 -11 -31 -53 11 -22 47 -30 20 76 -89 60 -99 -85 -16 -96 -3 -79 49 6 -30 62 -37 41 -50 -63 40 -69 66 90 -78 -67 76 -92 47 49 -48 45 30 70 71 -65 78 90 -89 7 72 19 15 90 17 -50 42 -41 12 -10 71 -32 70 23 60 -77 8 71 95 77 66 -11 -47 72 -35 -62 -55 -72 -72 -8 -55 76 96 -25
-30 43 -48 63 -3 82 -98 -45 -50 -63 32 -64 -36 -35 18 -28 43 79 17 -13 -33 -47 -7 -41 -74 -48 80 39 35 -35 50 13 -99 94 44 24 97 9 -4 24 -10 92 -29 65 70 -58 35 -82 64 54 16 -26 45 -10 48 -58 -5 -57 72 -69 -39 -53 -50 -9 79 66 56 20 -29 49 69 94 57 -26 38 19 65 80 24 86 37 -24 -69 83 -35 31 9 -87 8 9
-36 -81 12 -36 95 -51 -54 99 -76 -23 -46 95 81 62 97 -45 44 41 65 67 65 97 70 -27 -53 22 -69 56 -55 -29 -59 15 -39 61 90 -62 44 74 -20 -86 1 -24 20 -15 -45 50 -51 35 -18 -91 24 7 8 -23 -34 -17 14 31 -27 81 -45 14 44 -7 -30 78 -73 3 -59 -94 -9 -44 14 6 43 -10 27 -19 -32 62 52 75 -42 -20 92 -58 -56 94 -22 66
23 24 -12 -86 -37 -73 -74 0 -55 79 53 -49 -56 14 81 69 35 7 35 24 -68 -50 17 63 60 55 6 -41 42 -21 56 -75 -61 68 70 -12 -55 82 37 81 32 -27 87 -35 89 -29 -72 80 -77 51 -51 -41 88 -56 71 94 -37 -74 65 -41 -51 -90 44 -9 20 -43 22 83 -79 -6 65 96 8 -33 18 -97 23 -30 -70 -62 1 -31 37 -81 -84 -78 -80 32 93 95
0 0 -68 78 -41 54 -71 -62 -65 -78 69 8 -67 -83 82 -8 -31 78 -80 -22 38 -6 -9 45 -35 57 49 -62 26 -7 -5 -16 86 36 74 37 -96 96 97 -89 -8 66 88 99 -75 -26 -10 81 24 84 14 26 -67 -87 -42 -37 27 22 -16 -34 -49 52 13 -87 74 66 -11 -56 -71 -36 47 -70 -56 71 -7 67 -31 70 -56 -53 3 70 19 -54 93 54 -64 -91 22 40
70 -35 -37 49 99 -63 99 50 85 -37 -98 -90 -50 31 -62 25 20 84 45 89 36 -96 -89 36 -96 -87 -59 -30 43 -64 -14 -76 48 57 -26 60 -78 92 10 43 0 85 -46 25 -64 17 32 -35 8 10 29 -26 -23 -95 6 -56 -60 71 20 -34 -91 4 -14 -97 24 88 -89 -26 36 -21 -22 -32 -17 -90 18 -44 78 -28 6 -9 3 92 -36 -74 -38 35 67 -96 -45 4
-78 54 0 -43 -85 -3 -60 5 -13 -15 75 92 8 32 33 -91 20 -16 -19 45 -99 -27 48 -7 -61 97 -87 -85 93 -83 -75 89 31 40 -72 -7 -20 48 -25 -22 -24 88 -24 -98 84 -8 -59 19 -68 -33 89 37 -19 -72 50 -66 -99 -53 -63 60 -95 -74 -40 22 23 -83 -47 -62 70 89 53 -92 -8 -24 97 -5 -23 63 62 -66 -14 -48 -92 55 85 -36 -83 77 -25 -29
-5 -21 -18 36 85 -6 -27 15 45 -3 76 -2 41 99 -64 -32 -70 33 -1 13 40 27 87 25 -61 6 -55 -19 -27 -28 -28 -24 -58 -65 24 35 99 -19 -1 50 4 -95 -63 -35 -91 79 -19 79 24 32 -47 -27 -54 -59 79 -32 20 63 42 76 -58 -2 62 -68 -5 24 12 58 -65 65 -81 12 84 24 61 -55 0 -66 83 7 90 75 -22 86 -84 48 -87 30 98 59
-12 -6 98 -85 -99 6 99 -51 -65 73 10 -1 36 -98 -89 -87 -43 -99 -4 -87 55 36 -54 -75 40 4 -94 -18 -79 -79 3 12 -66 31 -75 34 32 -95 -86 -25 18 -21 34 -34 -27 -10 43 69 38 -60 -89 24 -37 11 -56 -64 -81 75 -67 92 -65 74 14 -57 -66 81 72 31 -53 -35 37 32 93 24 88 -70 -79 -28 -36 -30 69 -36 -51 50 -69 97 -30 61 -2 55
7 28 -38 7 6 13 -3 -44 -78 -82 22 -40 82 -74 46 -38 56 -13 71 99 -73 -5 93 -31 -20 6 71 -26 84 -91 -9 67 56 -20 79 -7 -67 9 -88 6 10 -25 -98 27 -56 -83 62 70 -42 11 91 30 34 25 -69 68 60 -64 -1 -84 34 45 92 -58 -50 69 84 66 -29 95 -26 94 -22 61 -22 -8 30 -98 96 49 92 -42 47 -54 -99 -47 11 82 -12 -65
-98 10 95 93 -63 98 54 40 71 78 -40 12 -13 88 -76 61 21 -75 37 -17 55 -34 -85 98 98 43 63 -93 -19 41 -33 -99 -51 27 87 15 -14 24 -20 -84 -63 -27 -23 39 -57 59 -79 -1 -34 -42 1 -48 -64 51 -81 -41 -94 -41 77 -14 97 -41 -79 -82 83 -32 -74 -51 16 61 -26 17 82 80 93 -98 93 17 -35 -54 94 -13 -45 -21 -88 -90 42 17 19 64
87 -34 -67 77 19 -72 20 -71 -32 -58 60 86 -2 -31 -39 -6 -62 -8 14 38 -35 -95 -18 46 -39 13 -48 81 -54 -32 -61 61 -85 23 58 83 36 63 -37 93 -88 -95 98 -73 71 -36 -17 27 31 41 91 25 -2 -15 -81 -3 -86 16 46 -71 82 -79 -77 -63 -53 92 -84 -35 -83 -24 -70 -24 -41 -46 -60 -53 -2 64 20 -89 11 69 -86 53 -72 -98 30 -59 -29 -39
38 26 6 47 -77 -48 -72 -61 47 29 62 19 21 -69 22 -48 -66 88 -77 5 71 51 10 -27 -86 -53 98 66 -42 -48 48 -38 -62 74 70 -33 -52 53 -60 97 -8 96 57 -64 -6 78 -32 -28 -58 69 69 -25 41 40 -60 -19 -22 -63 -66 -21 -95 -48 -1 -6 -58 2 59 86 49 -93 77 19 -85 -59 -54 50 -44 78 -78 65 -75 -47 -37 5 -94 -38 -18 -98 48 93
5 -17 7 55 93 -87 9 -91 -23 98 -48 -44 -6 48 -43 96 -55 10 24 21 45 33 46 68 5 -96 95 -66 -59 99 44 -28 97 25 10 30 94 -12 64 -71 -69 -75 81 74 74 95 18 -21 -41 26 32 61 -34 -99 88 94 39 74 87 99 78 4 57 -88 -52 21 55 -99 -80 -18 -66 -25 29 -78 -71 -5 -78 -24 42 -7 46 -47 11 -6 -19 -88 30 -96 -4 -21
-73 -62 -75 33 95 -7 86 -50 -78 -21 -38 32 42 -78 -56 13 -29 85 -91 -35 1 -28 64 68 -39 59 11 -13 94 57 4 53 22 61 27 -59 -53 71 68 -38 61 40 79 -14 -42 3 -44 66 -13 -2 17 59 25 -96 -1 -58 -7 95 -39 -15 10 16 91 -11 -97 -61 7 -61 96 -61 -94 -70 -21 48 89 84 -54 -97 87 -11 -60 12 -6 73 39 -78 -9 47 -80 50
43 53 74 -93 -52 50 -48 5 -50 55 -86 -17 -19 71 37 6 76 -89 5 42 43 -42 -54 25 85 67 39 17 21 -45 13 -27 27 -69 74 0 -73 -53 -18 -34 49 53 40 42 -14 -67 44 9 2 -11 50 -57 3 -66 67 -37 -72 63 -40 15 58 84 -29 86 -29 -62 -57 97 -94 50 -40 -81 -27 11 23 63 61 -32 17 -96 74 -98 93 -76 -74 12 91 -4 -60 -14
-99 -67 -98 -18 57 -71 -76 22 9 36 -78 -75 -6 64 -80 -57 -62 37 77 -75 -41 -2 94 -74 85 96 88 -75 -90 84 -33 -54 -89 61 -83 -62 13 -99 -13 79 15 83 54 92 27 91 2 -23 -7 -96 -12 4 -9 -7 57 58 22 69 86 36 -85 68 6 -96 -17 -84 57 78 -50 31 -55 92 -66 69 86 -53 -28 -7 49 -9 -32 56 39 59 65 -20 99 -39 2 -23
33 43 -81 -86 -2 -77 92 45 -41 17 -60 -69 47 80 53 61 3 -64 33 -76 58 48 -13 -74 90 -98 57 -62 -35 46 -60 -27 -82 35 -36 21 17 -70 36 94 -56 9 72 -1 -96 75 52 61 46 64 71 -80 -24 49 98 -57 75 -25 -6 91 -53 -13 81 34 7 85 79 -72 24 64 94 -38 85 33 95 87 -83 56 -93 28 -54 -18 24 35 8 -29 39 -15 -18 -16
53 -58 24 -70 49 76 24 -50 -77 0 -48 -13 8 79 -93 86 18 -6 -51 3 -45 71 -45 85 37 -92 63 -11 -5 -8 -27 32 -45 91 -89 -61 62 40 -87 -31 76 -2 66 89 84 51 2 -15 15 16 -65 -4 -38 -54 -4 -53 -89 25 9 94 15 -52 37 -48 -99 -78 95 96 -6 68 -49 -56 43 21 57 -21 -16 -47 35 43 -40 -33 -58 -80 16 -24 90 -11 81 17
71 29 -53 66 11 9 38 -7 -30 93 53 85 -90 -63 -88 -28 -12 -63 50 -94 69 -68 27 58 -47 28 -86 62 -86 -6 -55 65 28 -27 -84 50 -2 -67 39 4 31 6 52 -21 88 -29 68 -48 -7 -17 6 -41 73 -25 -36 43 -61 27 66 -61 1 69 11 -44 -40 -79 38 -83 39 1 -2 22 43 3 11 -61 7 -56 -70 37 45 79 -26 -6 30 -58 82 33 -85 7
23 41 73 -33 -45 -27 -30 -42 22 -89 -65 47 97 95 -16 11 34 -80 -44 -2 6 17 -22 71 93 -31 -69 82 -76 -99 -94 -12 -37 62 43 -21 56 54 66 85 -42 48 65 78 -79 90 -72 -73 -37 87 -50 49 -4 86 -46 51 59 55 -2 -35 -72 20 7 -68 71 9 23 16 64 14 -94 -91 68 -76 53 -62 60 -43 -5 38 57 11 93 24 17 63 18 -25 23 -68
77 -44 -63 -21 73 50 33 -86 99 10 31 -72 85 87 -47 -59 -63 53 -26 -28 -15 -67 -21 27 -17 40 -91 62 -6 -94 -30 -69 -44 28 38 13 43 -67 -40 -31 -84 80 41 -76 -48 -46 41 62 -89 -6 -8 36 41 -3 -98 86 92 -83 -21 10 20 11 -54 -19 -1 2 -6 62 -20 -29 -46 83 -19 31 -75 3 73 7 10 15 -4 -61 32 -31 -77 -16 68 75 98 -56
18 96 -45 58 -11 55 41 65 -87 57 61 75 25 -94 -51 16 90 -85 52 28 -74 -54 -79 89 52 65 38 -59 -33 -53 45 84 79 -68 -9 43 -32 72 39 72 97 -45 99 77 -48 17 77 68 27 75 -70 -11 17 39 4 83 41 -98 97 56 54 -84 64 -44 51 1 -90 13 -73 1 -10 -27 79 -10 52 2 50 57 60 20 -16 -33 -62 38 17 18 93 -47 67 -13
-65 72 -18 86 85 38 -79 94 61 -75 36 -3 73 60 38 -76 5 0 98 -35 -24 55 71 -28 -68 -1 92 35 87 -65 29 -84 -36 31 -18 40 20 78 11 -40 3 -57 -47 -17 8 48 -12 56 86 -30 80 82 -88 -10 97 -82 -4 -86 -39 41 -35 -68 4 22 71 73 -37 -30 -3 -47 -23 -80 -4 20 70 75 84 -7 -71 -64 -58 -32 77 -47 96 2 29 58 3 -15
-18 55 63 40 -91 72 58 92 95 -71 69 -17 -36 -99 -61 89 -60 47 -41 64 71 43 51 -62 -14 15 -84 -84 39 5 30 88 -48 -78 -50 -94 61 -52 -84 57 79 -62 -38 19 97 88 -99 -7 -10 -63 50 -54 3 0 -21 9 71 42 -52 -31 36 -52 56 -30 3 27 -30 56 77 37 31 1 16 66 56 -32 47 -80 -34 93 -75 -10 59 73 15 -12 -73 -2 -10 -68
-81 -80 -40 84 10 30 -10 -48 -75 -19 -7 97 -7 81 -77 -58 -52 -88 29 69 -80 -49 -27 -59 2 95 0 -83 -51 -49 -44 2 -23 -68 -19 11 -58 -11 16 10 -72 71 85 -42 -53 89 -37 44 3 -23 -57 95 -87 20 47 -54 33 86 -92 31 -18 20 -13 -43 -17 47 -47 40 33 -50 -21 28 28 28 94 -43 43 -91 -25 86 -41 -45 4 -77 -81 36 -82 -78 -69 90
-95 -45 -2 -99 36 37 -80 5 30 75 58 83 -36 -30 35 76 58 -77 56 7 -29 33 -75 -35 -11 -26 79 -25 62 -62 -89 -46 19 9 56 -14 71 -65 36 -98 -80 43 -69 -18 88 8 51 60 -34 -26 74 12 -26 -4 17 66 83 88 -58 69 -53 -64 -14 56 -96 65 45 90 -1 -93 58 -1 -36 -3 -13 -30 49 -51 -41 -22 -31 -78 25 3 14 41 9 -74 -87 -72
-35 89 71 0 -91 5 -69 39 45 1 -23 95 66 31 -72 -78 79 -78 49 -94 -28 -29 33 -21 -59 -88 41 22 -47 -38 31 95 86 65 -56 28 -53 0 -66 -52 60 17 2 10 -75 91 -18 35 85 29 -82 -44 -4 -83 -14 57 0 74 -34 -98 -89 18 90 39 76 32 -34 -19 86 66 27 35 20 58 44 -4 -84 48 59 -93 -72 0 58 86 57 -9 39 -14 75 -30
