-21 63 75 26 -97 87 51 -37 -81 -67 -72 -28 -34 -37 -72 -24 -8 -62 -76 -90 85 -10 49 68 -91 -17 -43 29 -30 -17 0 3 60 -39 20 -43 -23 -84 61 77 43 65 -10 29 74 -24 -51 -64 75 7 -5 -57 38 79 -49 -6 35 -97 -45 82 64 13 -97 37 -7 -81 -50 -13 -74 53
-64 0 -86 -48 6 40 -73 54 70 38 54 -89 99 -40 -87 -61 50 -10 20 -9 -64 46 84 -13 -4 87 31 91 -21 91 -34 95 63 -46 34 7 90 -85 36 -24 78 48 -70 16 -14 85 40 -92 25 75 48 -59 30 -23 88 80 60 -25 2 49 73 2 -98 42 48 -98 -25 -56 29 60
-75 61 -47 44 -10 -33 62 -81 75 -61 74 -54 -64 -38 -40 -52 64 3 -4 5 80 16 35 -95 33 4 96 57 27 -74 -35 -28 45 21 -45 74 -59 12 -25 -16 30 64 -18 -69 -55 -48 64 -40 20 91 -61 31 17 -67 -33 -30 45 55 51 -17 61 18 6 -8 50 -77 -13 35 60 10
80 -15 -63 30 -34 -6 53 -81 48 60 -85 -36 -64 -97 83 74 86 -1 11 -90 53 -8 30 43 30 -36 14 44 62 7 69 40 52 47 82 -34 27 -73 -35 -38 -61 -1 -33 -53 40 39 91 58 -42 34 23 98 24 -13 15 92 4 -38 -97 55 19 75 -70 95 2 -44 87 -47 55 42
-57 68 -56 20 32 -6 -1 74 52 83 42 -2 -80 10 52 -85 65 58 -74 93 71 21 -89 -64 19 3 -93 20 63 -47 -36 73 -30 -54 -57 42 48 -63 37 -29 16 40 21 -75 27 -22 -67 -59 64 -2 54 -81 28 -28 63 -63 0 -14 -47 73 -17 -11 -21 -91 -52 40 -86 -29 -64 -84
74 -9 -92 -69 74 -24 46 50 98 50 45 -16 -16 -36 73 47 -40 2 -2 80 -88 15 62 15 46 -8 88 52 52 -19 57 71 19 83 16 70 -78 -18 10 -2 -85 -53 -98 -97 -70 -97 84 52 -69 -2 -6 1 -44 84 42 52 -18 48 52 49 14 40 79 -17 47 56 48 82 86 -40
-35 80 24 -76 0 13 -35 43 12 -60 -34 53 23 -24 -52 -81 -61 12 15 35 10 -16 -97 -23 -86 -30 27 -75 74 -34 -35 -29 -85 -34 45 -96 -7 -80 -29 75 -76 61 -15 -40 -76 78 0 74 98 -96 90 -1 37 52 -40 11 -66 -33 49 -44 -40 76 -25 21 -51 -99 -18 89 30 39
49 -87 -3 70 82 36 -20 53 -56 -22 71 -88 19 14 -15 98 6 -40 92 21 45 -33 13 -26 -17 2 -80 91 89 -97 0 68 22 -27 74 -57 -15 39 20 -90 99 42 -80 35 -79 26 48 -49 8 -62 -63 -6 -48 -27 -65 -66 11 3 87 34 40 -43 86 95 -55 -70 41 -53 -59 18
-53 -52 -83 -4 96 -92 -42 45 35 67 -59 -1 -35 -34 80 -57 26 -47 -67 -33 43 -54 -93 94 12 71 -56 56 -35 -68 9 13 72 -82 78 66 6 4 -71 28 -10 99 80 -27 85 -94 82 -59 6 26 -4 95 -67 -31 18 -75 91 -59 40 -46 60 -97 11 -83 -44 -56 94 -80 -24 25
24 -29 41 50 -17 22 -77 -50 -14 -3 82 -61 -32 -81 -82 77 -4 46 -86 -82 -15 53 2 -46 38 15 -85 -5 2 7 75 30 -59 -99 62 78 75 73 58 -3 32 68 -55 38 -50 -92 93 57 -24 16 68 77 44 -13 -80 -1 -63 76 45 96 -24 52 -51 -96 10 80 -64 -56 32 -37
53 -64 30 9 32 96 -88 -29 -68 92 -22 74 72 23 -72 94 1 87 -21 -3 -60 -1 -49 -17 90 71 9 -89 -43 21 -81 89 60 -78 -34 50 -77 -16 -80 28 -60 98 56 -65 -43 81 -15 87 4 56 -93 4 50 -97 -4 18 -31 -62 16 88 49 76 54 0 21 -18 -26 -77 -51 75
27 -91 52 27 -9 53 81 85 30 -65 -35 68 32 6 -20 31 39 4 -70 -90 -93 58 34 -16 -17 1 27 -6 -89 -9 -6 26 -22 61 88 -37 -93 -63 95 -43 71 15 -26 -69 90 82 92 19 5 80 24 -23 -73 54 -86 -88 61 -54 30 -1 82 76 -16 14 -56 -92 23 -64 -27 67
-30 34 -19 34 55 -25 5 -58 -84 75 82 -95 -36 81 60 -59 11 -66 -98 -93 94 79 78 -98 -35 -22 77 -22 -62 76 15 44 16 5 -29 81 57 -9 34 -38 46 83 -96 40 29 6 -2 71 54 9 -10 -18 -27 -1 70 -91 82 86 76 -39 -86 8 51 -3 38 -41 -48 -88 -38 76
-58 14 32 19 -30 -23 -22 32 90 27 82 -46 35 -95 -21 -29 25 -93 7 -3 -25 -72 49 60 90 7 5 25 58 -3 61 -92 -20 -31 -70 23 26 85 91 -43 -20 11 85 98 -67 95 59 0 -86 57 64 64 -89 11 -31 -51 -55 -37 75 56 58 -88 -31 -15 57 95 55 52 -23 78
-54 -25 87 63 -18 -78 -33 18 -8 57 53 -24 54 38 8 -59 -43 38 -31 -92 88 92 36 -53 -40 -27 21 59 41 13 4 -22 49 36 -97 28 -47 -97 79 40 -72 -64 82 -60 48 -84 60 43 96 80 68 -32 -65 -3 80 -2 24 2 61 26 53 -65 59 -98 -89 16 -27 69 33 -89
-53 44 -44 -77 9 67 75 -36 27 67 -96 79 -19 74 -82 91 77 -4 15 -76 -47 -67 88 33 -83 -70 90 -25 94 10 -47 71 -59 68 12 17 -59 45 90 -32 -32 34 -55 -88 -46 -1 66 99 -63 -96 42 76 93 0 -46 67 16 93 -64 -34 -9 80 -8 9 60 -58 -37 -44 -75 77
84 -9 41 39 42 -48 -4 96 45 39 28 18 -44 12 -13 58 34 97 -95 95 57 92 -18 75 54 23 68 -85 60 79 -98 -48 80 -85 -41 -5 -41 -5 -64 26 -28 22 -87 -63 -46 -88 0 76 1 22 38 58 13 84 -88 -39 -86 21 92 97 -43 -23 58 69 16 -9 55 -82 15 -45
33 54 -97 9 21 -59 14 -37 25 79 44 -17 -70 -83 -92 3 20 77 57 -46 4 -91 -48 19 -92 49 16 -79 -4 66 -75 20 4 -30 83 42 32 82 -23 -20 -18 -88 -65 56 6 49 56 -6 13 19 87 7 80 13 -6 70 92 -67 20 1 -50 -33 5 55 11 -22 -52 6 47 45
-37 27 50 -12 74 4 -59 59 -81 -25 13 48 -15 -69 78 -9 -61 -9 -72 -64 -87 -79 -10 61 90 -69 -78 40 44 24 -64 27 -1 87 -67 79 66 -23 8 77 -36 79 -13 74 -40 -74 -95 -47 -65 9 29 -51 36 -62 31 85 52 62 46 -15 -80 -75 -71 2 -99 80 -3 -87 98 4
-61 -78 33 51 -60 -72 -43 -20 56 0 75 -91 15 -79 88 -15 -1 52 -52 30 59 28 24 -34 49 -67 71 -76 30 20 -43 10 -17 -23 -14 -22 74 -86 -7 67 64 -85 -40 58 26 43 -96 86 -75 15 -99 0 22 -29 -76 -18 -12 -27 28 41 47 -85 -12 -17 -87 -74 -66 -44 -71 -47
-18 -92 68 -54 26 -47 -42 -76 -46 36 -87 -8 62 20 18 -55 -19 -4 52 -15 -78 -19 55 32 18 28 63 37 -42 45 19 -74 81 52 -6 21 -20 -78 61 -2 -77 -59 18 -29 59 -46 -71 21 -91 91 74 17 44 38 59 77 13 -32 74 42 46 3 -43 -42 -83 -8 -84 7 -6 69
-92 -50 81 -95 83 45 -49 87 22 -62 -33 -38 24 59 -12 14 -43 66 80 -79 77 33 6 -64 -57 41 6 79 50 -35 -97 -29 32 -10 53 62 -1 75 -98 -80 -34 -28 -65 -21 48 89 97 50 57 -80 28 99 54 8 9 -95 43 16 -63 68 34 -11 -26 -98 67 -86 3 -3 69 -46
6 19 -90 43 -58 58 29 23 56 -15 -89 93 54 -4 11 44 -98 4 -90 69 -56 -66 81 21 -31 -48 -50 -11 39 96 19 -24 32 83 -26 -92 -24 99 -35 49 -71 42 41 94 -84 -27 -63 81 -57 72 -89 82 -92 -40 -2 48 14 70 -78 71 34 -32 -64 39 85 92 -67 43 96 -44
-81 -26 -2 -40 93 -53 -42 -82 -20 -66 -56 -36 -98 -15 -31 -87 65 38 -92 16 -12 8 43 30 -47 -29 -63 -48 92 46 -50 -74 -6 -39 5 -45 -39 -11 -26 44 96 70 -72 82 -85 18 19 -65 -31 -95 -58 -50 29 -86 55 89 -74 -95 -11 83 -26 88 85 -24 -96 -86 14 -9 7 21
-94 73 93 39 41 -49 -68 -81 97 -37 78 91 -3 26 44 90 -44 60 -70 85 68 -5 16 86 78 29 1 -23 56 -16 65 31 69 30 -76 -4 -30 -13 -86 58 -70 -89 -41 -21 87 -76 99 98 -75 -89 84 -82 -38 -62 -13 93 75 -75 70 62 54 -8 17 -88 22 72 -59 -96 -72 -27
-24 -37 38 91 12 30 -91 12 -43 -4 18 36 70 -95 -36 -49 20 -73 -2 26 -82 46 74 -37 -8 24 93 1 10 49 4 -73 -78 -95 61 -32 66 26 -25 43 -73 38 0 -68 -27 79 79 -14 17 78 49 95 57 -58 78 80 6 -45 38 56 -92 64 -26 -40 43 -21 -33 -48 61 -96
-24 -56 -29 21 -71 -42 -41 25 5 0 -62 -37 80 -74 -26 -68 71 96 34 -44 -43 27 33 36 40 46 97 -68 -26 54 -31 -25 -96 9 70 61 -39 33 96 -96 48 -56 84 -33 4 9 -92 27 25 39 -72 90 -72 97 53 16 32 12 66 88 61 33 40 53 27 16 -67 -41 -38 -41
84 25 -66 26 92 -90 33 -96 61 -48 74 -56 2 -7 -99 31 68 96 36 99 48 -69 -98 76 -44 4 91 40 68 31 -48 74 -96 31 45 -77 -36 16 77 -45 7 -67 -95 -62 -79 32 -77 50 76 10 65 88 -36 -24 42 -62 34 -70 -31 -97 13 -76 23 -30 6 68 47 -44 -89 -47
-4 21 -84 68 59 -97 -52 -52 58 43 18 -80 67 -30 -2 -65 -17 44 78 -69 24 17 52 -19 -63 -70 -83 72 -18 77 -53 -28 -78 -93 -53 -66 0 97 21 -29 29 -10 -8 -18 18 61 -58 -89 -9 -7 99 11 52 38 61 50 44 51 85 -1 -24 -39 -98 69 -18 -81 39 86 43 -37
63 -12 19 -55 2 -11 -25 50 52 -84 -81 30 9 89 24 3 -55 5 39 47 -50 68 89 -53 -7 49 52 75 45 51 45 85 97 -88 28 -57 90 -42 59 53 -79 52 -74 -37 -54 21 -69 -10 -69 -9 -53 73 -24 -41 -59 -79 -12 -61 -14 -74 -87 -5 30 75 -58 -39 -38 67 -67 -9
-98 68 -53 15 56 8 99 58 -7 -73 -75 -44 86 -32 54 -22 47 54 -81 27 -85 30 -89 68 -88 76 -54 -35 37 14 52 6 -53 -95 -96 -27 82 18 49 27 -25 -99 92 -17 97 52 55 -13 -42 -12 49 58 -75 74 -52 34 93 23 55 20 95 -21 34 24 70 78 48 -84 52 44
-67 -87 53 -37 72 91 52 -4 -84 -26 -31 69 25 59 -85 78 91 -12 88 21 -42 56 9 77 91 -5 -75 -74 -99 27 -4 -9 23 77 -97 8 61 -29 -37 14 -48 48 71 55 86 -87 86 -50 38 16 10 9 -33 -42 18 -96 -21 5 -13 78 78 -90 -32 48 -47 83 -69 95 33 53
-96 15 59 -53 32 78 61 51 31 98 -45 -19 40 22 -34 -36 -13 73 24 26 73 -69 -75 -30 85 20 86 -3 -68 74 34 57 -4 -58 54 -26 -88 -71 -41 -88 -48 -41 17 55 -5 97 54 -41 16 -75 56 -29 34 73 92 -1 -89 88 -31 72 16 -17 45 -37 -44 -18 76 -57 -58 59
35 24 17 39 82 -76 -90 -99 11 68 -93 54 61 16 40 -35 85 49 6 23 79 -36 68 2 -19 31 48 -96 17 0 61 28 -36 49 89 -8 84 -82 -85 92 -95 89 42 52 -39 66 54 -40 91 -5 87 -52 49 57 -91 45 -87 67 12 -54 15 78 -18 -46 68 -77 -71 61 24 -56
-33 -12 34 -71 -17 -86 75 -80 -14 -38 29 -81 -81 -92 -45 -54 25 46 56 -45 -70 -23 98 76 76 -21 -50 57 75 38 -37 -94 -40 54 15 -24 50 83 -48 -89 15 92 8 90 32 -62 -58 79 55 87 65 -23 -34 -43 32 -1 12 60 25 42 67 59 21 52 12 98 -77 5 -51 94
-61 57 -95 -48 16 90 89 -90 -66 39 75 40 -67 76 3 36 -79 -20 -31 -34 -7 -7 49 64 -84 36 92 97 60 -59 -18 -35 -61 -32 -57 70 57 -31 -52 29 -52 -16 47 -60 -11 -30 15 79 -66 94 59 -3 -2 91 -48 -76 -5 94 -85 85 -93 96 92 -62 -28 -59 -64 4 32 -1
39 30 22 69 -73 21 12 -57 3 48 -95 19 -40 73 27 -9 12 0 -67 -17 -99 -62 17 54 -7 9 -22 39 69 34 38 34 32 -27 1 -68 33 56 -54 1 -43 -26 -44 -53 68 68 15 -33 -11 -31 -21 -6 70 -96 -86 -54 -95 -8 71 54 59 14 -89 -54 -7 -49 42 26 38 82
4 -61 94 -90 12 99 -61 -61 95 -34 -8 96 80 24 -46 -25 43 27 94 29 -84 -67 -45 -99 -10 28 -66 27 -86 53 -34 -22 -55 -14 26 82 -60 49 97 27 -53 50 -74 -32 -56 15 -42 84 72 0 24 -76 37 -27 62 -42 93 79 79 -13 -98 84 -13 -67 -28 90 47 12 49 -38
33 71 5 88 -51 -64 -41 42 40 26 68 61 13 37 -68 -34 -69 55 -80 0 -21 -73 -46 -52 96 -67 56 -27 -14 43 -12 -18 -93 -4 -92 72 62 -76 -76 69 78 90 43 57 -43 62 9 -91 -99 -77 -46 49 -51 -32 24 19 8 -79 52 42 42 49 35 86 44 55 -46 -13 -71 89
-75 -41 -14 -56 39 -44 51 31 4 7 3 38 -3 -83 15 49 -29 -65 89 -91 -20 -42 -81 -52 -79 -87 -28 -90 82 -4 -89 -51 87 -94 -68 -83 71 -71 7 -81 -42 -98 -50 55 -86 -95 54 -10 67 92 -99 -11 -98 28 75 -59 -21 -37 -18 49 52 99 93 -17 -17 -72 25 -34 85 -32
-79 91 50 -91 -35 -57 -18 5 -22 38 -83 45 -26 -51 84 35 -53 40 -16 25 67 62 80 -70 70 -52 28 58 34 -51 -10 -99 2 97 89 82 -23 86 -6 -32 63 58 -56 92 -72 56 -55 -37 82 87 -24 -35 32 -55 98 6 -77 71 55 35 96 65 63 -79 35 -55 -91 18 -55 -47
-42 57 12 -85 87 98 17 0 35 -39 68 -19 -58 66 -7 43 -86 65 90 74 -70 50 -23 60 -74 -29 -59 31 47 79 56 -80 88 -52 -18 -13 3 -2 15 14 96 -49 -9 -95 74 -71 -66 50 59 98 -63 84 60 -70 -23 58 90 -14 -96 13 -98 -69 -4 -38 35 3 43 -41 -71 60
99 -26 -37 96 43 73 -40 56 81 86 -53 -75 31 -2 -16 36 -88 48 -28 64 88 -71 -41 29 83 45 54 -54 -35 45 -18 92 63 -72 64 -67 -88 -52 26 -60 75 -78 -92 44 43 18 2 15 34 -40 40 -52 96 -16 -46 96 0 -7 96 -15 -36 -20 -41 11 76 -24 24 -39 -65 3
-25 52 0 70 12 -52 72 -30 99 20 -18 -46 -33 53 59 16 -26 69 74 -32 -22 23 96 -6 48 99 58 -2 25 34 -88 -62 3 -75 63 71 -10 5 30 -70 65 17 -29 3 55 -37 64 -22 -37 8 -43 95 70 -17 -33 13 76 15 85 -6 -27 11 -53 -28 -93 -87 36 -36 31 24
-51 -40 38 48 -95 -96 56 99 4 45 98 63 -36 -50 39 -67 -8 -49 9 92 47 -67 38 -32 -7 58 -90 -15 -82 -94 73 76 -95 -39 -92 -4 -39 9 -28 42 -70 -81 -68 5 60 5 99 -92 25 -99 99 -95 76 70 8 67 -28 -78 25 0 46 70 -33 -81 55 -37 -62 -35 -64 74
-96 -32 32 -34 83 -32 -93 35 37 20 56 19 -3 -74 28 75 51 51 64 93 -28 45 41 35 -83 -21 30 26 -47 38 -28 78 -18 -85 34 -97 -53 -56 31 36 20 -67 38 -10 87 -1 33 0 79 99 -12 53 41 54 81 -70 46 51 -5 31 3 -63 45 -29 -73 57 93 64 19 95
-25 63 -2 -58 -59 31 -40 -68 70 -10 29 91 56 -15 79 3 63 -2 -93 -56 -12 -35 97 -31 18 -11 42 77 -79 23 -91 -70 -53 -8 -74 -81 9 -73 -58 -22 71 9 80 -49 62 -54 -67 87 -57 40 47 -70 -48 55 69 84 -70 20 19 -15 48 10 -31 -30 42 -17 -53 -39 -56 -56
30 -44 -74 7 43 21 35 15 74 -62 33 3 -73 33 -95 -98 -34 33 60 -38 76 -51 -4 -70 -45 -95 60 39 -31 -82 85 -35 -15 63 61 38 10 -53 -13 -7 13 -79 -67 55 97 -8 82 -32 44 3 -19 -1 -93 -12 -11 30 -35 66 22 -74 -78 -62 33 -92 -48 -49 4 -70 -20 24
-54 -93 -80 50 -44 -36 -94 23 -49 44 -35 -77 85 -22 -64 -98 -47 30 -20 -20 -63 -40 -86 38 66 17 72 90 70 56 59 -61 -71 -20 9 -64 13 49 -63 -66 -55 -76 91 -63 -52 16 -82 87 12 98 15 -83 6 -68 63 -66 -91 -30 -78 -66 -22 -62 -50 39 -31 -33 -32 66 47 35
-19 -54 -43 -35 -12 -51 76 -63 69 21 86 53 54 33 -46 -58 -11 -55 56 -92 79 -87 39 -22 -15 -98 -86 97 -10 -9 88 67 -33 92 -72 10 -92 19 -94 88 -85 -31 -73 -1 -48 63 -31 -97 -96 90 95 -72 70 -89 -36 -67 -38 85 -30 65 -14 -12 -13 -16 5 -99 0 -97 -77 -84
-59 -98 57 -69 -69 9 -65 36 86 33 92 -40 46 92 -1 90 46 92 79 -91 -93 -8 -26 -42 -87 80 -78 -83 -84 28 6 20 70 -52 33 51 -61 -40 -19 39 -89 94 40 -50 69 74 20 18 52 -67 10 82 -99 64 -99 -53 59 -54 49 -38 -88 -65 -98 96 -73 12 -41 39 -2 -45
66 -69 91 82 35 -49 24 -7 -16 67 -15 84 28 -26 15 45 -17 -52 -38 55 92 47 69 1 35 32 -66 90 -31 -74 5 22 25 79 -11 27 -96 16 90 68 -96 -8 -99 -18 30 -7 96 -79 -92 92 -66 37 -16 -60 -5 -77 8 -96 56 -55 48 41 -23 -81 69 -26 66 84 32 -91
-28 -84 64 -54 -51 0 -74 -86 -89 -89 -37 -70 94 -34 52 -32 -3 54 -59 94 -83 78 -26 -9 69 -72 -16 0 11 8 -63 4 99 -25 49 57 -30 -70 -33 32 83 7 53 -10 -90 52 80 -21 68 -29 62 23 -55 75 79 -25 -79 -47 35 -13 85 81 -80 -35 55 35 62 84 64 -62
24 35 -95 33 -51 51 -72 56 -69 87 47 44 96 71 -9 -84 48 -45 -56 -21 -17 -77 93 -40 61 32 77 29 70 24 18 -31 -26 83 -12 -78 11 -89 -8 -70 22 -38 34 -48 39 65 -28 41 -85 61 74 -70 -80 63 -68 2 -79 85 -76 -71 15 -9 27 -77 -49 -16 -55 99 52 -24
59 62 -12 26 -12 -20 -51 -44 23 -17 -38 -64 82 49 -72 -79 -51 77 16 18 11 -26 7 -2 -6 42 69 53 -62 9 93 -43 19 -55 6 -60 82 37 -51 -76 -19 2 -30 42 -1 41 -4 44 -22 -88 -9 99 -86 -38 22 -81 -10 22 -31 -66 -2 -15 47 13 -67 -64 17 -2 -44 -53
81 19 23 -34 25 -36 53 83 29 -83 47 92 -42 -62 32 -71 90 29 -95 -30 51 -89 6 -91 -68 15 -68 2 -40 -87 65 5 -10 -57 32 15 86 -31 44 23 -25 -58 8 72 18 -14 -93 45 61 -67 -75 -20 25 -13 -29 -11 -62 62 -15 -51 7 93 -60 -85 -91 84 -38 21 -13 -66
73 -98 43 89 -99 71 -1 53 -97 -95 -8 76 95 -70 24 64 7 20 -73 28 -94 -71 -27 -98 14 92 11 -33 -99 -78 -94 93 73 -97 -96 -84 71 22 91 -91 -84 52 45 -11 46 -82 94 94 66 -69 64 -82 -56 18 -30 -38 39 14 72 -25 32 -56 -56 57 -56 -28 18 -46 95 -48
-61 27 -1 -43 -94 -21 37 89 -32 -77 -49 -51 40 -64 63 -80 -96 89 -22 -95 -47 31 -18 -31 -4 25 1 54 -22 21 -28 -5 13 -45 91 97 16 9 -93 -59 77 57 -58 23 38 49 80 -47 -95 -66 43 -35 -54 48 -86 -73 -78 8 -88 -93 51 72 -74 -77 -33 -52 -7 -44 -23 -48
-95 65 -94 26 35 8 -98 44 96 21 63 -9 71 -42 81 -29 -83 86 -36 -21 28 67 -86 -4 16 -64 76 43 42 7 1 25 8 35 86 -39 71 -10 -55 -10 -64 -1 20 -24 29 39 1 70 5 79 -18 36 76 -33 86 -28 43 -29 -56 -92 39 -6 68 -92 0 43 22 92 -78 -64
-6 -94 82 32 25 -61 43 16 54 76 71 -84 -90 -36 62 -39 65 7 3 32 -40 -37 21 96 3 -59 4 96 20 -21 91 -54 35 68 -64 44 -19 96 35 25 11 59 -79 -86 -62 -52 -95 38 3 21 1 -98 76 58 -20 -10 81 -14 -18 -21 93 44 36 -6 37 -93 -62 -22 87 -74
33 -21 92 93 -57 -18 16 12 98 84 87 95 31 73 35 28 25 -6 48 -79 -93 13 43 29 -78 -34 32 -37 51 -12 12 93 -95 -44 -38 25 96 87 4 -93 73 -6 -15 -29 -88 56 39 -5 -56 44 -33 -72 -22 -70 -96 7 -86 37 55 76 -45 -48 35 -90 -53 -25 11 91 88 -22
-61 -11 26 75 98 42 -14 77 28 -46 -41 42 -65 2 -40 -87 -90 45 24 -30 47 80 68 78 -57 88 -44 95 94 -39 -44 53 -13 -50 16 -65 -23 76 3 40 82 -23 43 -52 36 -31 -70 62 -34 -17 14 8 -37 64 67 -81 56 -80 -18 87 -49 -5 -18 40 -92 3 -17 91 97 -78
56 -11 14 -91 -56 9 2 -81 98 80 98 -93 9 45 -30 57 -6 -38 -71 -31 -80 -51 -45 -76 25 12 23 -22 -88 -78 67 -88 65 85 15 -65 39 -12 -64 -75 53 86 -63 97 63 -94 91 -31 -99 92 23 42 -18 34 -2 59 -66 -60 88 -56 -76 56 -4 17 -31 -67 -44 85 17 74
66 -59 -55 -64 57 68 27 -94 -6 20 46 -83 -31 54 -5 50 95 -23 -90 35 58 9 19 -99 -62 49 17 66 4 -68 -73 38 99 -94 0 31 68 -82 11 41 -87 87 74 61 -49 24 -36 38 81 -41 79 57 -11 -57 -90 -38 75 -10 -47 21 96 63 49 53 -3 96 -24 -97 -91 57
87 -26 -82 32 23 -63 -80 16 37 -91 -22 -90 62 82 22 78 -10 92 8 -11 16 -85 -17 -58 97 -15 85 68 91 79 -70 -81 -24 -55 -42 -76 -64 48 -23 -61 69 70 -29 -40 70 -83 -79 -4 6 30 -4 -70 -54 28 14 -8 -10 -48 -4 -30 70 23 -95 -69 -16 -97 -19 69 33 -77
13 13 -32 -7 -57 75 -98 -84 -9 -69 95 27 15 66 66 88 -12 -59 99 57 93 66 66 95 74 46 -12 34 -58 60 -11 -94 80 10 -50 -5 87 54 -54 40 70 98 -44 27 -43 93 -12 -95 67 9 79 -11 -37 -37 53 -54 -67 88 93 -79 38 -60 30 -30 67 -85 -70 -56 1 -15
-78 -56 12 -5 15 42 -40 -54 -78 79 -36 64 -90 61 -19 -31 -59 -73 -84 -48 -23 7 21 -8 -37 9 -75 51 46 37 21 -62 -23 -21 26 -79 -35 -31 -40 11 72 -80 -22 -73 -82 -72 -42 17 -61 -12 -94 -73 -22 68 -75 -78 -71 16 83 -23 71 -56 -50 -92 24 -14 23 -73 34 -88
39 -53 65 -30 18 44 76 11 -59 17 44 -40 -95 98 -40 87 97 -6 80 28 96 38 70 -70 2 69 -78 35 74 21 6 -23 81 -83 -48 18 -24 -12 40 -29 -83 -95 -48 -72 -62 -66 42 27 -54 39 -60 -23 -5 36 -6 -8 56 91 -8 97 -16 -90 50 36 21 57 -69 59 -71 -85
-19 -78 13 21 -70 95 42 -4 12 -57 95 89 -81 7 -56 57 82 85 74 -78 -10 40 78 -49 -2 -9 64 -97 63 -10 53 58 31 89 -87 68 -60 10 81 51 77 -52 -94 -30 -39 -3 17 -63 -75 -21 43 -6 73 -49 60 -91 14 -13 -18 -26 -60 11 76 36 81 -69 49 26 31 79
39 -90 99 -95 -67 37 70 84 5 -97 22 -20 -33 68 25 76 47 -18 -6 88 34 30 50 95 -65 -19 50 31 -58 -69 29 -67 -89 40 73 65 2 -25 -19 -56 -9 -9 -22 -38 76 80 98 -3 -22 -36 78 -7 28 33 -5 59 65 -28 -76 -83 14 33 -21 14 98 -35 -45 57 30 -1
