93 -38 87 -5 -4 93 97 36 -27 -2 -7 -21 -5 34 -25 -72 57 54 -82 50 74 44 5 63 47 -81 3 -58 -40 -2 -39 -79 86 12 -98 83 25 -70 17 67 80 23 39 50 27 -36 -13 13 -54 -52 81 -65 14 -62 6 -94 -95 -42 -75 64 28 9 16 -23 67 46 18 74 -28 36 -60 -56 1 -72 -53 -20 -59 -52 -31 -87 -21 26 48 -32 -41 35 -1 -27 32 31 11 -92 4 95 28 -24 -72 -63 -80 15
79 -99 -82 4 76 46 86 -57 68 -13 42 0 30 27 24 14 -41 94 -87 -33 -85 -89 29 85 -89 17 87 -54 77 -39 -28 -54 -72 38 95 34 -66 -25 -64 -50 16 -68 -2 -17 25 89 -69 31 -96 0 19 -82 15 71 1 -67 62 0 -46 36 40 -97 34 -72 56 -61 -52 20 -17 99 30 -79 30 11 -77 89 33 -81 -80 -97 72 59 75 -49 15 -38 7 30 54 34 -61 -96 -62 -26 46 -66 -6 10 -73 73
46 31 79 95 68 87 48 -14 -28 -45 60 53 -54 60 -5 -67 12 37 -76 -80 38 46 68 -73 4 -52 -97 -50 -20 86 7 7 -29 -26 -56 10 2 -84 -66 53 87 75 -80 -84 37 30 23 59 26 -87 3 -59 -86 45 81 -17 89 -34 -12 -69 21 91 -10 3 -18 89 92 90 73 -11 49 -74 -83 -47 89 -98 26 -5 -15 37 -5 97 34 -59 -86 -65 -92 3 1 -68 -68 44 -12 78 -92 -64 22 80 -86 41
5 0 14 -22 52 84 10 -61 -67 -73 16 -71 17 39 31 -16 -83 -67 -16 -15 -36 -42 -33 -40 -52 7 -60 -55 -17 94 60 20 -45 -78 4 -91 56 33 -62 -48 58 -93 3 33 -54 -11 -15 37 81 -35 13 67 7 45 59 -53 32 -5 -75 45 -34 75 -46 36 -51 6 -67 97 -83 99 -41 -84 -71 68 80 -52 -19 -52 24 7 73 -51 3 94 89 12 77 -72 -42 -30 -30 36 -44 23 -81 -38 -72 -19 69 7
40 -98 -99 93 6 72 -61 76 -87 -72 -74 61 -10 22 52 98 -34 -95 -79 7 96 25 76 58 12 -72 -5 -28 -1 37 -13 90 8 21 -96 -6 74 -56 92 74 -85 -24 83 -87 89 46 -9 40 -77 -79 -49 54 61 -36 10 2 -99 -65 -40 40 60 -37 -76 45 89 -68 61 89 43 -7 18 -55 25 -77 82 94 -61 98 90 -58 -56 8 -12 -57 83 -11 91 6 -44 -11 -17 15 -43 24 89 32 -13 37 61 67
45 70 -7 -68 -88 -92 18 89 -15 4 -86 -58 -71 58 13 -25 39 13 -46 72 -71 -91 75 -12 -16 -49 -13 -23 68 -98 -21 10 -36 -48 43 -24 -40 38 23 92 -31 -97 -34 -24 -97 -72 4 78 -30 43 82 -1 43 -18 24 -91 -74 91 98 34 32 64 92 -32 94 -14 -65 -55 65 -59 11 -38 22 -50 -47 -7 -30 -19 -3 -2 5 91 -15 41 26 -9 48 69 42 -64 -74 -14 -74 -63 -48 -20 -75 -56 75 -68
13 -12 -20 91 62 -98 94 45 -82 24 -64 92 -43 -76 -44 38 -48 21 -48 -2 -34 -72 14 79 -91 -60 -79 -43 -23 56 -84 -45 67 -77 73 -56 -28 4 -77 -45 2 -18 -57 -15 -17 -78 34 58 -96 2 49 -77 75 -77 22 91 10 50 -62 0 18 -8 -16 -9 6 -6 -12 -4 -55 -44 1 -66 -42 28 20 -98 69 -45 87 66 -79 24 -28 96 8 28 -92 -46 79 -89 -34 -98 -33 50 -43 69 -85 -48 87 -84
63 55 23 -37 61 21 57 -33 -73 -57 74 89 -94 69 -71 -52 93 -53 -46 37 -77 45 7 99 32 -91 30 -66 -94 -38 28 43 91 55 53 95 -66 57 94 -12 40 -32 78 32 81 21 86 28 64 64 -93 17 81 57 -26 -61 28 67 95 37 -99 96 60 -15 -5 14 7 -30 4 -84 -53 -49 -3 -6 98 32 -76 81 51 -75 24 66 -3 85 -93 88 -56 63 -2 -23 19 38 -21 25 -58 15 71 95 -17 17
21 -51 47 -69 15 77 -23 -34 -7 -16 -15 -24 27 -52 -27 -92 99 -71 -89 -88 -2 77 -22 -10 70 -80 48 72 16 42 22 -37 91 -73 88 89 -74 -44 -11 -60 -54 -74 -55 15 69 86 -56 -40 -27 -15 22 10 -5 -22 81 -87 63 -93 -45 59 -4 -52 -23 -96 75 -85 -48 0 -61 13 38 -48 23 84 -90 68 93 -29 -9 68 6 -97 73 4 41 -17 -82 -78 -92 4 -67 -5 7 -31 28 68 -52 11 94 -26
-15 53 22 -37 -8 -14 34 85 7 34 -74 3 -37 -79 -10 63 -8 15 -85 -92 34 52 79 -5 16 -67 -48 2 52 17 18 -18 -22 -55 33 -12 78 5 -53 -45 -96 65 -79 -76 64 -34 -1 58 25 39 -80 -63 71 -40 -18 99 24 69 -47 -65 46 30 90 21 -62 -65 -99 -54 -43 26 52 -4 34 -80 88 -68 12 -22 11 82 70 61 -1 73 -40 15 0 -44 90 13 -92 32 -6 79 -73 45 2 68 -3 -94
-50 49 -23 52 99 65 14 22 -34 -18 -40 78 41 -87 48 -20 57 97 -14 -50 -48 50 63 77 67 -71 -33 58 -28 -52 36 -78 82 -61 60 86 72 -60 -77 -86 45 -92 -75 9 -72 -35 -26 -96 46 -34 67 21 -41 78 -99 0 57 34 -95 24 17 -8 -92 -22 47 -55 -73 90 -92 -87 7 42 -54 -2 -60 65 33 52 -41 -82 80 -45 -42 -64 -65 -30 88 -5 47 -59 65 -71 -33 25 89 -71 -91 27 -54 62
1 -49 46 57 -90 70 58 -97 -38 64 -1 41 33 66 -89 22 56 90 16 49 51 -83 -28 -86 -67 15 -90 -14 -68 -30 -93 53 -85 49 8 -83 -20 -37 -67 -27 11 5 -96 5 -67 71 -5 49 -61 31 -98 72 -86 -45 -56 55 62 -23 51 57 -20 58 24 -93 40 -83 45 88 -69 -25 -96 53 -58 -81 -79 39 17 84 -41 14 -34 -16 36 -35 -88 -40 68 -86 92 -58 -4 -5 86 51 58 -50 -78 64 23 -95
54 65 -11 20 -51 -2 -35 -87 31 -64 -56 61 41 88 -2 76 21 -98 19 -55 -38 35 -49 -76 5 27 16 -83 0 -12 46 -35 35 39 57 74 69 6 73 -36 31 20 -9 1 53 5 -88 35 -13 80 -8 -34 38 -38 -10 43 -84 -59 -96 1 67 24 -11 -27 43 -49 -66 99 23 27 52 -94 18 -57 93 -12 93 -96 69 90 -43 -21 87 27 55 99 -24 30 -41 -92 72 44 47 -9 -66 -9 72 7 51 -6
-58 51 89 -60 71 24 -79 10 -27 -49 87 -89 45 -52 70 16 44 16 12 21 9 5 -99 -26 -27 69 9 68 35 41 62 -93 -10 -10 99 -66 -5 -25 67 35 -94 65 88 -74 -55 4 46 18 -36 -32 96 -84 -9 -21 95 12 56 -86 82 54 -4 -70 -40 50 -73 34 -8 -13 -59 -77 4 18 -2 59 -28 -55 88 -68 -47 72 56 -52 53 90 -59 61 -73 -37 -6 -2 16 43 18 65 22 -19 30 31 98 -59
77 -31 14 -34 69 -33 -71 -12 -60 26 -76 -28 86 95 99 48 -57 -97 24 17 7 47 -61 54 19 -38 63 -55 7 -14 -27 68 -34 79 33 32 -21 40 82 84 -93 -31 73 91 49 52 -55 -2 86 -40 55 -4 38 18 -60 89 67 -98 -69 -98 -28 -78 32 29 -81 67 -37 -94 -91 80 6 44 -78 -66 43 99 91 -79 -18 -93 33 -71 -4 40 6 -39 -51 -19 -8 53 -90 59 -88 -11 -10 72 -61 3 50 65
7 58 38 -42 -97 6 -74 -46 -67 3 -11 -76 -70 -33 -14 4 -88 57 -17 16 63 19 -22 -74 -22 -70 -49 19 -14 26 -92 -25 -78 0 -26 -22 71 -74 -3 -39 -53 26 76 -60 69 -24 76 20 -91 97 14 18 -57 45 -58 -10 -89 99 -41 21 26 75 -84 22 -90 -24 -22 4 -17 -92 -27 17 54 -98 -47 44 62 59 -84 47 -14 35 -69 -78 43 -64 -49 -86 -87 -20 -56 67 -84 44 12 -11 -86 -34 -53 -31
77 56 -22 27 -12 37 -37 -58 -24 80 72 -4 -52 8 22 -81 -57 -21 12 -76 12 82 -63 -17 96 -55 -72 -44 2 56 -5 -2 5 -69 -5 54 57 17 20 42 -9 -81 -37 8 39 12 15 48 -6 67 -75 68 -21 -6 64 -81 -99 91 -44 -10 99 99 59 -16 -49 77 -88 85 -72 38 32 36 -80 -3 31 61 32 95 -63 -25 82 94 -21 73 -50 -54 -69 58 99 8 -33 98 27 70 41 37 -25 -87 45 -22
21 59 35 11 -5 -35 96 63 -89 54 96 78 13 -72 -99 90 18 36 -2 -25 -52 -49 -4 -26 -4 53 18 9 14 34 -87 28 98 -44 82 65 -77 66 22 -3 78 86 81 -97 26 53 40 52 71 -16 -22 30 -87 21 -5 19 8 21 8 28 -38 94 -79 65 -26 10 -44 42 32 40 25 -62 -99 14 19 -62 59 35 -95 57 59 23 -21 -83 38 30 -47 -63 -3 61 -68 75 41 54 88 -44 41 36 16 -60
-39 91 -95 -5 79 -36 -32 -84 32 -69 -96 51 -16 79 -51 72 54 -40 40 51 11 29 37 -52 66 -11 -80 -83 -28 -76 -94 -61 87 56 -63 83 -35 34 -28 7 -89 17 -64 -66 -7 62 17 -56 -43 -54 -37 -26 -46 -47 -43 99 -89 -24 89 77 63 -48 -67 -21 14 26 87 -28 24 -11 -5 -23 9 -93 60 9 -14 32 8 13 -27 14 13 29 -95 54 14 -51 62 41 42 80 -86 91 75 -53 94 -51 -53 -42
93 -70 -31 54 -92 -55 -72 -96 99 -86 68 -3 29 25 17 -2 7 -30 41 -84 -22 20 80 96 -18 49 -43 -52 -79 2 -1 -86 13 -35 46 -57 30 92 -99 26 -85 -91 -83 71 -90 20 92 -53 -4 -40 94 88 -70 -74 17 -77 -47 -86 -90 -65 -80 30 -67 95 -34 31 -75 77 -92 20 -60 -50 51 -44 -98 65 49 2 -10 91 90 -30 -76 94 -87 -34 -17 -92 -19 -77 -51 -77 -63 20 -78 -53 -26 -50 92 -56
12 90 -58 -71 -43 60 -99 1 -74 -69 -46 -26 95 -88 -40 41 -3 0 -97 -33 -46 -4 -69 -5 -58 -20 54 65 51 -90 -15 85 75 5 24 8 -12 -40 95 -64 -51 50 6 59 -19 36 41 40 -87 81 -63 93 75 -22 19 -33 89 49 36 87 -8 -77 -90 -89 37 1 -48 91 -63 91 36 67 49 37 -59 25 -27 -94 -48 -64 -16 74 -43 -28 36 49 -76 -83 71 -35 -25 42 33 3 93 68 -32 -95 -75 81
57 -53 61 64 -31 12 41 78 59 -88 27 67 -68 61 17 -71 1 15 75 -83 86 -91 89 10 -82 -99 24 8 -33 50 -63 31 11 -52 -19 65 52 6 41 23 50 79 -10 78 -29 62 6 96 -5 -70 91 -27 17 80 29 -23 -58 -9 89 67 86 -81 -62 -51 8 -48 48 67 -48 41 -60 97 82 -1 -80 -49 75 29 -39 -3 19 79 37 -73 21 69 1 -47 -52 -66 -1 -36 -23 14 -61 22 -97 17 67 -14
84 79 -24 -11 93 -89 -25 -57 94 74 82 -35 49 86 93 32 -87 -34 -33 92 -95 -51 57 21 -51 -29 -77 -72 -11 -84 98 5 7 -92 -92 -29 -14 -79 37 -72 1 96 97 -43 -98 -4 -13 92 13 -17 71 -44 -13 -86 19 -8 45 -41 -93 -3 63 72 -18 -64 -48 44 10 -22 45 21 22 -33 4 -49 22 88 -42 73 -90 -91 97 56 12 -99 -71 -70 -23 91 -30 -40 0 96 -21 47 29 47 27 78 -64 -81
-34 -11 -81 75 45 -26 -13 35 -33 77 -95 -57 69 -4 24 -57 51 72 -72 -96 -43 30 78 83 98 23 -64 -66 34 12 29 67 32 -6 -38 -28 -28 80 98 -89 47 -60 28 -9 -35 92 -72 -36 -4 -83 -34 19 29 55 -34 -14 -74 51 -8 54 -55 -8 -15 68 6 94 39 48 -20 89 73 -37 -37 37 -21 5 -88 -81 -7 -33 -78 41 43 85 77 92 -20 48 -47 -59 48 -42 60 -54 62 19 -20 44 10 22
-44 64 -88 -81 -48 53 -53 -59 -22 -61 16 50 17 62 -16 93 12 -55 35 37 -23 -37 11 77 31 -3 -95 -44 61 -60 35 30 -13 -12 -99 91 71 53 -47 56 -82 -80 -13 74 -94 -47 65 -36 4 -82 78 34 -92 64 73 -89 47 -8 -98 98 -94 32 -65 53 77 42 4 37 -85 46 -60 21 -85 -1 82 -31 13 48 15 -48 94 18 -52 74 -73 45 -83 -63 93 29 29 -80 83 79 -48 -13 39 -27 -84 27
-93 97 46 -94 97 -58 80 90 -61 19 5 -87 39 -74 -55 -64 96 -45 7 15 57 17 -73 -94 19 9 -42 -24 -47 3 51 -15 50 94 78 -61 91 95 80 -43 30 64 -22 77 -78 11 79 -87 -12 -2 1 48 84 -77 30 -94 88 36 -74 -73 77 84 50 -78 14 14 61 2 -34 -31 -38 -72 50 55 -8 34 -9 -75 -99 82 -12 -99 22 86 68 -96 89 87 59 -65 16 52 -77 83 -11 -43 48 16 -41 -9
7 18 -65 75 57 92 51 77 -47 15 8 -71 -82 -40 -73 56 79 72 -73 10 -54 -27 82 -12 -23 95 -70 -73 92 22 70 89 44 83 40 8 -88 96 13 -58 -37 88 -31 -7 8 -89 8 -29 78 67 45 38 47 74 51 28 -31 92 -56 -26 92 97 41 10 -35 85 -88 -21 -5 71 -89 79 -38 27 -45 87 92 65 84 -44 45 99 -24 -96 73 51 6 4 99 79 -45 -71 -90 45 -42 77 98 86 -12 17
-2 -87 85 -78 30 27 36 2 -77 83 58 2 -22 24 3 -39 95 -67 93 87 9 -50 16 -44 70 -96 23 -77 -89 41 41 -22 -25 31 -30 -67 85 58 -46 -61 61 26 -52 66 -75 67 -98 -80 -12 57 94 -14 42 53 34 -94 22 -90 11 -42 -53 -62 -28 73 17 16 -71 -93 -64 -38 57 14 -80 -56 39 75 80 17 -15 11 -97 90 95 -97 32 -93 24 76 -99 -77 16 -37 53 -20 64 -84 29 -85 24 -58
-27 69 15 55 13 -26 -7 91 -64 18 39 51 94 49 44 89 -32 82 79 -64 -55 64 91 -50 50 -83 9 -35 -63 71 -14 95 -91 93 -29 -40 -64 -68 -84 -84 40 54 -57 73 59 -39 -71 -10 21 -36 -20 15 -80 -73 -61 0 -72 -48 19 -66 -10 40 68 33 92 80 18 66 42 -66 -24 -68 -26 0 -70 66 -9 77 79 14 -72 -29 14 7 71 -17 -57 -52 -15 80 -18 97 -81 -71 71 53 -13 6 70 -28
59 28 96 68 54 78 -40 -85 -24 47 44 -74 77 64 -46 -60 -22 -86 -78 87 63 -49 32 -80 45 82 18 60 -84 -52 13 64 -74 96 -82 -46 85 19 46 -1 -85 -82 -98 -81 -70 96 34 84 29 -63 51 61 35 -16 -58 31 35 15 -17 16 -23 -35 -80 58 61 43 71 -17 60 52 14 1 3 -11 34 -2 7 47 98 -91 84 31 77 -84 -56 90 80 -88 56 18 64 -59 -68 62 49 12 -55 9 31 26
69 -13 -80 53 -58 -55 -10 -25 84 -96 61 76 3 -80 98 1 -60 -56 2 18 56 33 96 -43 -90 34 -48 -45 49 -31 -96 10 -54 25 85 -50 -93 -67 -76 60 86 22 -84 87 32 -30 -13 -27 42 98 -61 28 74 2 -45 75 -7 48 8 -35 -77 -21 -57 -97 15 -55 17 -81 -41 31 82 -52 -86 79 -65 26 -15 -97 69 22 25 64 -19 99 52 83 88 49 89 78 -70 -53 9 -12 57 0 48 -3 -69 -89
78 -98 -38 -8 17 68 -12 52 -60 43 -58 39 -19 84 40 -3 70 7 19 90 10 -70 99 65 -36 -17 -97 86 -7 55 72 82 27 -74 -55 -53 -10 37 5 30 -13 43 -85 -4 47 69 69 -64 -36 -2 42 -68 -7 74 -49 59 -34 4 3 11 -64 46 65 -51 -95 -39 63 -42 83 -82 -27 -53 -96 -87 16 -60 85 -39 -76 82 -81 -16 80 -34 14 -55 -1 -68 12 -26 -64 99 -57 -17 -89 14 -5 -95 -34 -8
62 -88 77 -8 95 -59 -9 -69 -95 -76 -36 83 45 7 -27 -22 16 -14 -95 -67 33 35 92 -32 -2 -28 44 -7 -70 14 63 27 -28 20 46 55 -60 98 -98 -70 -74 67 94 15 -72 96 -63 -62 -65 -71 86 46 -95 33 -4 -29 94 -31 48 78 42 -7 -63 -42 26 75 -10 1 -75 -72 25 18 58 34 56 7 -69 40 9 19 15 78 -13 35 -46 66 8 7 86 74 2 -61 5 -6 71 59 48 -87 22 20
62 -89 14 94 6 -81 -85 7 -20 20 9 47 -72 -98 80 44 -9 -63 -9 -38 -3 -38 62 -39 -48 -38 80 91 -56 47 -82 -51 -42 21 -10 -15 -54 -80 37 -34 7 14 -69 -55 97 59 7 29 51 1 57 41 42 42 91 72 83 13 0 -14 69 62 -78 30 -1 24 -44 81 -21 75 55 -9 86 -61 49 -75 88 -2 -13 -86 33 37 98 -57 -71 64 -36 -76 -16 -12 -67 85 37 -76 36 -88 61 57 53 47
22 87 34 -93 7 -32 -96 -90 73 -48 52 66 -99 -55 -20 -49 33 -96 -89 -9 29 7 -89 -71 44 33 -8 88 40 -49 -99 67 -78 -24 12 -48 -31 57 -61 56 -32 -46 -70 12 13 -47 97 88 -7 -93 37 79 -78 32 84 73 35 -60 -22 90 -83 51 -48 -85 64 0 54 35 -89 -68 -80 32 84 83 47 -56 -53 -77 -81 -88 -41 13 -73 -53 -64 -6 -74 -25 -46 -5 35 -52 -11 -71 -6 12 21 -64 38 38
-44 -12 88 82 -93 48 -4 15 39 57 89 -54 47 87 -56 69 -55 -28 -17 48 -44 34 50 31 28 9 -32 -34 86 -12 -85 -14 50 93 36 89 80 -1 26 48 -86 61 -86 96 97 73 72 72 -94 66 -30 6 71 -59 24 -32 79 -7 70 49 -79 -24 -96 -60 -49 2 70 39 51 -18 -12 59 23 -54 -27 -64 -40 8 -11 8 43 -53 28 -19 -49 97 81 13 62 -66 24 34 81 66 -97 -72 -35 -28 -40 -96
40 -45 -20 -74 -94 -14 40 38 -54 43 -34 82 27 -40 -67 81 -70 67 -52 8 -83 -36 -26 -62 -74 17 40 -32 79 -2 -11 -10 1 -98 0 -50 36 -21 10 67 81 -22 -42 83 -56 -95 45 14 -2 63 6 14 3 99 -47 -47 -42 58 -15 88 -13 -5 -9 92 -68 20 72 -72 -34 21 70 -14 -90 -30 14 8 -28 -21 -69 67 60 46 97 -57 72 -11 34 44 -77 -63 -90 11 18 -48 -8 74 8 -55 91 -88
-13 -16 49 -58 -87 -73 -68 -22 31 -1 38 -2 -93 72 7 -91 24 61 84 89 85 -87 -23 30 -50 -4 -60 -74 -86 -54 9 -19 37 -46 -24 -93 5 92 -47 -87 42 -70 -76 -74 -28 49 28 -85 -36 -71 46 -30 -3 89 3 -61 68 78 -24 -20 -52 34 -97 -59 25 -19 -31 -78 51 67 81 86 -29 -74 -23 16 79 45 0 -35 76 8 44 93 48 44 70 12 54 30 -71 -46 -96 -51 -37 77 65 -62 -62 -88
-68 52 -62 -7 -17 -6 98 47 -36 60 85 -66 -99 58 -29 -98 -28 67 28 -48 66 19 -4 -44 -28 -61 -49 -49 -43 73 77 83 -42 64 93 27 66 60 -55 -76 95 -9 98 11 -14 86 -13 66 64 -53 -97 35 -92 -9 74 -34 49 -42 -19 -10 -10 33 61 -14 64 39 -74 -81 64 -74 -58 -64 -7 77 -22 65 42 -1 -69 28 3 -8 21 -1 -52 30 -78 -9 -67 -4 50 49 -14 -53 19 -66 81 21 -99 -12
15 -79 -53 -39 16 57 -7 -75 10 -9 -15 60 2 -68 -49 -44 -24 48 36 -27 42 -82 74 -41 -21 73 63 -88 85 59 67 -30 -21 -71 36 53 -24 -16 67 52 68 7 -68 -89 -61 87 -34 -3 59 -68 -40 14 85 74 -64 61 -60 -30 -87 35 94 34 42 -42 37 -71 18 71 10 -27 -47 8 -66 -2 -55 69 -23 -96 13 85 -87 -23 -41 5 -47 39 -65 -58 -19 -34 -58 13 -80 -30 -79 24 -84 -8 -75 55
31 94 46 53 -41 -71 29 -89 -47 91 95 -54 -79 0 75 32 16 -36 74 45 -78 1 64 87 -17 -45 -72 -39 94 -27 30 -70 -74 53 45 57 -3 23 62 76 5 -50 -39 21 33 44 -56 -85 62 15 20 77 45 -66 -53 -59 93 20 -64 -50 -37 75 82 98 84 41 -42 -89 -1 -91 -32 -85 -23 73 -67 83 -54 -37 -67 -55 -14 88 11 -36 -10 95 -29 -92 -90 37 -58 -6 90 -52 -28 -6 9 8 -25 -84
86 -9 -37 63 51 -43 -81 -70 -23 8 -28 -54 -16 -83 23 30 -89 -70 -86 40 -88 33 -90 -59 40 67 -4 81 19 93 6 78 83 -21 -83 -51 -1 -35 83 -74 76 -57 -75 -23 70 58 13 -33 -82 -40 -39 50 53 47 -99 4 -36 80 -64 -41 52 -16 -69 81 -24 -91 59 -91 94 -17 17 -65 -67 -64 91 47 -99 40 -79 -8 -9 -47 71 53 -53 -72 -70 -50 -28 -1 83 73 -27 82 89 16 96 -19 -70 20
-77 -77 51 15 33 -28 -65 97 22 66 -65 -98 -43 38 -25 79 82 30 -52 -98 7 -89 47 -17 58 73 -5 -19 -21 44 -24 88 71 98 -23 16 17 59 64 -15 -4 6 -46 85 41 -36 -66 -23 32 58 -24 -71 -10 63 -40 -29 -67 59 9 93 -37 -6 21 -34 -52 -63 -45 -97 -58 74 14 93 21 -71 21 -98 -90 -60 20 -7 -50 -80 76 -22 -4 58 98 59 95 99 14 67 24 18 -33 -67 -88 61 78 41
-40 -99 -73 99 85 -73 88 -81 -70 -18 25 -86 56 65 51 -13 -30 -48 -24 59 -54 -33 77 -52 13 -36 -73 59 72 -40 -30 -87 -22 -72 95 34 -38 -45 -75 -10 92 55 58 9 98 -73 -76 -30 62 -49 29 60 65 -26 81 -25 21 -51 30 39 10 -15 -37 73 -74 81 -24 -53 44 46 38 60 22 60 -2 -53 70 -44 69 6 -17 40 71 28 -73 60 90 -38 -31 -29 84 38 53 -15 70 -5 -36 43 -93 -66
15 14 84 86 71 -38 -48 -34 13 97 80 -26 32 78 56 79 -1 -42 34 -23 -59 67 84 -77 47 -98 46 -6 -73 55 76 24 -21 -97 -11 -14 -19 -75 -97 43 65 -20 8 -93 35 -76 46 -72 -43 77 -99 33 60 -75 18 75 79 54 -48 -2 91 -32 -59 -8 -56 12 -24 -38 17 52 -94 -84 11 -5 11 9 -46 -41 86 -26 -24 -74 -2 44 -46 22 -16 -55 -49 -54 -72 9 3 -28 -37 12 -46 -27 -79 -26
81 94 -51 31 -13 70 -38 83 -81 19 -49 -67 9 -98 -79 78 -82 -13 -99 -97 -2 -60 88 -15 90 -69 -83 -65 42 -84 58 84 -18 24 -47 76 -69 33 -29 -11 71 18 27 -80 -66 51 2 -57 -58 30 53 64 -38 72 31 -74 11 -83 -8 14 59 -63 -91 90 -38 -90 -45 86 -50 62 32 79 -53 -67 -16 -68 84 30 -29 28 14 -85 -41 -83 55 -63 95 -77 -28 -27 10 -11 20 32 -32 -55 -60 -60 -38 -9
-87 28 -94 59 -37 -36 12 -94 56 97 80 -14 -54 17 -38 -75 36 30 30 78 -42 -66 -46 -4 81 95 -5 -18 70 39 -54 -17 -34 84 -44 23 87 -31 15 70 -43 12 -96 -82 -50 35 -34 -87 44 57 -65 -95 -75 56 -93 -78 -74 43 0 50 26 1 -19 37 16 43 -31 99 40 -53 -64 27 36 72 -45 56 -59 -23 -47 -27 68 26 73 -22 -97 -78 38 86 -81 6 -51 66 35 -53 -88 -22 10 89 -85 -74
88 17 81 -92 -7 82 -74 -62 11 -43 80 81 50 77 -45 31 -41 -24 9 -92 -99 55 99 48 46 3 11 -23 24 32 -82 -77 62 -41 92 44 49 -17 40 -14 -41 -93 5 34 79 -76 -7 -91 67 34 24 93 -27 59 -42 1 48 -34 -6 57 -59 5 -77 31 33 -83 -35 -5 -80 -45 31 19 74 62 -21 -69 -82 -62 -4 -49 -28 -29 82 80 82 14 72 -99 -64 -23 -91 -2 49 -82 89 86 14 91 -78 96
-79 -87 72 57 -36 -34 -15 64 -77 3 18 -83 -97 -46 -4 86 63 -19 -18 61 -62 -84 -68 -60 4 33 2 8 66 12 39 6 -12 -61 50 7 -24 73 -37 -85 -69 -11 14 3 -84 -2 50 -59 45 94 49 -40 -73 25 -26 66 83 92 -29 -85 68 96 18 7 73 -98 -31 91 -24 67 -29 94 34 -18 95 -24 88 50 30 90 -26 -33 42 -46 -11 -33 74 38 50 31 -87 6 -36 -73 -98 8 54 -85 82 13
-6 19 81 -62 35 88 -51 28 -94 20 78 97 65 -47 -44 74 -52 -39 -87 7 39 -76 56 -45 -18 -20 -89 -57 96 -49 -27 45 48 -26 -33 45 32 -32 -91 -99 -24 -51 -40 -54 -61 -90 -42 -18 84 61 71 -65 68 15 67 90 -73 9 62 -59 36 11 11 85 87 89 -91 -67 -30 4 32 99 28 26 -29 33 82 58 -18 13 -38 -11 -22 87 -87 33 0 -86 6 92 82 24 38 74 20 -7 88 -87 72 39
57 -15 -48 53 9 26 57 55 -38 -44 -97 -67 -24 -22 94 -75 14 -7 54 99 -26 31 -14 97 -25 -94 53 28 -92 -72 -26 9 21 63 44 -42 24 39 -49 -61 -37 83 -26 -35 -94 -39 7 -28 -3 -11 94 6 -20 47 97 -51 12 -98 -89 -45 46 80 18 -15 -15 62 30 -12 62 73 85 -78 -74 -30 -15 -6 -46 -31 65 -8 -52 60 -54 91 99 -53 15 -94 -99 -12 56 -82 -40 -16 -13 -42 91 -75 -76 -5
-15 0 32 95 -45 -20 47 45 75 40 -30 -17 86 -78 5 -23 37 -35 10 46 -83 -19 99 44 -15 -11 -76 -19 -52 -58 90 -7 20 -23 -47 -7 -31 -56 22 -10 -63 -79 -17 -57 -61 -24 56 91 -38 61 -86 9 70 -50 68 -36 -53 -46 -84 79 2 -70 46 91 84 -11 -70 -29 84 -41 -31 61 36 56 -35 80 -80 44 5 88 -16 70 7 86 -51 -28 67 -37 -25 -73 -32 55 48 -34 27 61 -93 54 27 91
92 -52 85 26 61 -60 -9 2 1 -62 38 44 32 -59 86 52 44 -59 -2 16 31 -24 -63 11 -89 74 -9 61 -65 66 -50 -83 -45 -58 28 -87 -4 -96 -73 52 -77 66 -1 79 -13 -6 -49 -8 69 79 -86 43 19 -10 -22 -18 -76 -54 -59 -66 9 -21 -29 60 -89 86 -55 -56 -56 -12 10 -23 98 -21 74 -47 -87 76 -90 -77 16 -34 97 -11 -25 -56 29 -1 31 45 -98 -68 15 -55 82 -65 14 -49 97 47
-68 -33 43 -15 43 -83 -70 -44 99 -14 -79 -63 21 42 10 -47 -89 -86 -26 36 52 -59 44 -77 -91 -39 19 12 -80 -47 -30 -52 -69 -80 62 95 42 -58 43 49 88 -61 -58 -27 -3 -38 -50 -66 26 -92 72 81 -77 46 -84 33 63 79 -45 -23 -74 -92 62 71 14 -22 37 -44 -25 92 -58 79 43 42 53 -15 -25 28 87 -76 68 -77 83 -81 -12 -34 -15 -98 16 -19 38 -31 -30 -49 -72 94 48 9 -62 -2
-97 -96 -45 14 -61 14 -41 40 -19 -42 76 -74 81 -6 -52 27 21 15 12 68 2 -40 38 19 -23 43 14 -21 87 15 55 38 78 -49 -10 -88 -38 -62 10 -7 58 -40 -42 50 -44 66 97 -55 80 -24 56 -8 -44 -90 69 3 -53 68 -1 -22 -63 -5 -52 90 73 39 17 98 42 33 -70 -18 -89 70 87 14 15 23 11 -21 -85 -40 -77 -87 -40 -84 -58 74 51 16 -27 91 53 -91 1 -69 -26 -77 -34 83
46 -22 35 61 -76 59 78 21 -33 4 -19 -42 97 40 -3 -36 43 58 -57 85 78 30 -41 -61 -84 18 -50 -60 53 -38 12 93 42 68 21 29 -87 -65 63 -32 -65 -4 44 70 80 -90 -74 66 75 -13 -17 8 -75 -72 -61 -12 -85 -40 3 -14 38 55 -61 -76 -93 -57 -12 86 -60 32 -27 18 33 -53 -59 10 25 80 -38 70 4 30 16 91 -16 53 64 -75 25 32 79 37 31 38 23 -19 -40 98 -50 23
-94 99 -37 -16 -3 -97 31 -60 -33 -45 -80 -45 -21 60 19 79 -1 65 -79 16 90 -2 23 2 -66 -35 -48 3 -98 46 94 -10 -26 34 16 -61 -20 -43 2 -98 -31 -97 54 -25 41 -81 -28 46 1 -94 -89 29 96 26 -55 -35 28 89 77 43 49 87 -41 80 92 71 64 -86 31 -89 22 5 78 86 -19 52 94 69 -84 -15 98 -64 22 60 36 -31 -51 -21 -66 -16 -7 59 -99 -17 -4 -50 43 21 39 49
44 -81 -50 -96 -2 -40 -52 16 -18 -40 98 48 -52 77 -47 4 -41 -33 11 38 -20 -39 -19 -50 -19 75 -30 -56 38 -47 -19 -30 -39 -45 -17 -52 95 -93 -71 -57 -53 43 3 -55 -40 59 -20 -31 88 49 94 24 16 43 92 5 -39 -15 -64 69 65 4 -61 -35 84 59 -75 -88 40 -41 -97 -18 -25 -71 -46 45 -29 -13 98 35 5 -76 58 87 -3 10 4 45 21 -47 72 -49 50 -12 -31 56 16 56 -80 -19
-73 -47 53 -36 80 -49 -73 -11 -47 67 -76 50 -51 40 -69 -13 65 32 -40 -75 61 -61 -18 -68 -58 -76 37 -43 35 -57 -35 -88 -23 -68 62 -5 -81 -28 -80 -8 -36 86 39 16 33 -16 -5 18 -10 -18 -9 15 -27 52 41 -34 -55 7 79 45 42 94 -8 69 41 41 62 -58 14 33 -92 -3 12 83 -16 -61 -2 -92 -6 65 34 81 -8 -50 -2 31 -44 -11 45 62 97 18 17 -87 29 43 -90 80 26 -67
15 -58 -56 -24 0 90 6 -33 -53 37 -17 46 -69 63 45 -63 89 -31 93 -11 59 -98 -70 93 36 76 25 -98 32 -50 -26 -75 63 -75 -36 30 -26 75 -20 -3 -72 -89 -42 -38 26 43 77 -89 22 -85 -96 47 46 -73 -93 -97 -72 7 55 -18 53 22 -10 -91 -3 91 -4 20 -99 46 -25 -37 -55 -15 -92 -80 -73 -49 29 -39 -38 -91 -45 -62 -37 -37 -98 64 -81 -95 -42 32 -17 -63 81 -79 -61 -91 32 79
9 98 77 29 55 2 20 32 20 56 -94 57 -92 59 34 -8 41 50 20 58 85 -42 -64 -55 24 -17 34 -37 -53 -76 72 78 31 -53 19 -21 19 -96 54 38 -99 88 -96 -64 20 -20 45 -93 10 51 -78 -11 51 14 57 31 -88 94 -73 -90 56 36 0 -5 -12 -56 -45 20 -86 -71 64 -55 49 75 79 -13 -9 92 52 96 -38 47 51 50 28 -63 30 -46 32 -23 -77 -85 -8 -3 -68 74 82 65 75 -47
45 78 85 41 -12 48 51 3 1 -90 33 70 -81 -67 56 -16 -64 16 -14 -69 -70 32 17 -91 -62 -14 -19 -11 -75 53 40 6 19 48 47 36 -10 -94 6 33 -71 -83 -43 33 78 -81 36 -33 -33 0 87 95 -72 -64 -81 54 -8 52 -85 41 57 10 0 -41 -15 91 -23 59 -50 -38 -27 60 -73 -60 4 74 83 -29 -6 -94 -90 11 83 -12 4 36 -55 27 7 11 -42 -23 -2 -72 -74 -88 -6 -41 15 60
-30 -30 -20 13 9 -46 -72 -39 84 95 -38 -97 -97 42 -65 -58 -22 -97 -22 -37 -7 56 -48 -28 -15 64 -15 -25 51 78 -3 -7 -26 -2 -42 41 96 -12 -60 -59 -83 -89 -30 16 11 12 -79 70 -27 6 -94 98 -97 2 -95 -96 -87 -11 99 -74 -64 4 41 -75 -67 75 -47 -44 -21 -96 -36 51 -91 22 5 -41 70 -93 21 28 -66 -19 -49 -68 -37 37 3 -16 14 -36 80 38 -69 44 26 24 -10 -57 -24 -72
88 -83 41 -99 -93 -87 -39 63 15 58 79 -31 -40 47 59 4 29 -52 -46 -70 -12 -69 -74 -42 93 -62 -31 -34 28 -5 63 53 44 9 -85 -12 88 -51 75 47 -10 10 -1 -8 58 48 -78 -16 -3 -81 54 9 -67 91 -76 -13 73 -61 22 -8 78 25 -97 41 -11 79 64 -76 -89 -37 -88 -16 82 54 77 79 -41 49 46 69 -43 -61 -33 3 -34 -66 63 -8 98 -86 84 -23 -74 69 -14 80 -38 -9 -96 69
-86 -82 63 -6 -5 -77 21 11 -10 -81 64 -4 -25 5 -67 11 67 83 98 96 -50 -34 38 -12 55 -42 -16 48 47 32 -79 53 84 -86 24 24 -56 -4 78 -80 -60 44 30 -22 -57 -49 95 92 -24 42 1 -48 17 -82 9 -47 -16 94 25 33 44 23 -95 -29 -12 52 96 -32 -10 -55 80 81 63 58 -31 -38 46 30 73 52 -63 -85 -65 47 49 32 -82 -45 -67 -23 94 22 -91 -56 -99 -40 -20 -61 -22 98
-85 19 75 16 10 -97 -78 -50 -25 -3 73 36 -99 -10 -67 85 -23 -96 -11 41 77 -28 22 -27 34 52 -16 -7 76 23 -54 95 69 -7 62 -7 -86 -19 18 -11 -26 61 -17 4 75 60 -45 25 -61 39 -89 72 43 -46 21 88 51 53 20 2 -10 -26 -82 -95 -78 47 1 -20 14 -44 37 -28 33 -39 35 78 -50 -83 13 -42 -29 34 -89 40 70 -32 -76 -48 14 -58 -86 66 15 61 8 44 -73 35 -3 -41
13 17 43 -1 93 48 -36 57 27 -79 42 -4 -73 -46 -44 -78 2 -20 -89 60 -67 71 -74 49 -58 96 62 -64 26 14 51 -15 31 19 48 38 -91 -72 -21 54 60 -72 -88 -72 -79 -66 -68 68 -49 71 73 -2 3 24 77 78 61 94 3 -47 -6 65 37 64 47 91 -95 -45 -78 -36 30 29 52 79 47 6 -97 -7 1 68 -12 40 66 -9 -93 -28 -67 10 20 36 97 -73 73 -26 84 49 -46 -83 5 -86
2 97 96 -5 22 -47 33 -8 -71 36 -82 86 41 -2 -85 -67 22 -67 82 37 -26 72 37 66 87 -26 -58 -75 -19 59 -10 25 52 30 -42 -42 21 18 89 10 -56 48 86 -35 -30 -31 -76 -60 77 27 -21 -16 -32 42 -49 -83 -50 -55 -38 -56 32 79 -23 -45 77 66 -71 -30 91 14 23 17 -97 -10 2 97 64 -65 62 -38 2 -44 31 -60 -69 -73 -68 -24 -61 -58 54 -47 -88 13 67 -15 43 -23 94 56
-77 -96 -95 74 -19 57 -17 -12 -17 -57 -36 -61 -64 68 -39 11 87 34 -9 16 -34 -95 99 43 33 -11 -21 10 -49 80 19 24 35 40 -55 -36 85 2 25 -10 -29 79 79 64 21 82 -47 72 -95 2 -7 -97 5 80 -48 -99 25 -71 1 -58 -70 13 -10 -84 -68 -83 -61 98 82 22 -14 75 76 -4 33 -87 7 0 -99 -86 -33 -53 -80 -97 -44 93 -37 -65 -76 -40 83 -18 -74 -92 -95 -33 42 80 66 -62
62 33 -42 -61 -30 37 -13 62 -22 -88 44 11 -96 37 41 32 -56 -93 -67 45 61 62 -44 -26 -68 1 14 7 10 -73 76 11 -16 31 -74 -45 -79 -29 26 45 -26 30 22 -84 -74 -12 -16 5 64 15 13 76 -15 -17 -83 99 -30 -82 53 -62 94 -58 -12 -22 -16 64 -78 -27 11 -18 10 2 -44 -77 -89 -84 46 1 99 69 32 -46 -34 36 84 94 -62 -59 29 68 71 36 -84 -84 17 -31 -80 4 15 90
49 -65 7 26 77 72 -53 42 7 -44 35 94 19 -76 -83 85 1 -86 25 -48 -69 -14 -17 1 5 32 93 -18 82 15 -62 5 89 -46 -68 96 -63 -22 70 -60 -79 35 84 -78 -53 -72 -12 -98 -52 97 -94 32 -94 -67 -85 39 80 19 94 -24 -57 -84 -20 -52 -59 -16 69 79 -88 47 19 -87 -54 -21 34 -90 -64 13 -3 -66 27 -39 34 38 -11 76 -66 1 24 -92 -57 49 42 89 23 65 93 50 -45 -11
-52 -44 -46 -42 11 -7 86 72 45 24 -46 -28 -52 -70 -81 -54 -98 -76 -95 84 67 -40 -31 -7 -72 2 12 1 -51 -67 -55 -15 -25 99 17 93 59 65 -71 3 -68 -44 97 -45 -43 -73 -17 42 -23 -93 -99 -23 -45 37 27 24 -15 89 26 51 82 72 -78 -72 12 67 -64 -56 -72 53 -3 2 -99 -88 -45 -42 24 -95 -19 63 5 5 -32 63 53 -52 50 -34 -80 2 -71 -2 76 52 -71 -39 46 67 53 -37
-51 70 57 0 99 -71 -2 85 50 45 -46 -53 94 -96 4 -94 56 83 88 35 97 -34 -12 59 36 90 92 -94 -85 -86 52 55 -81 54 -43 4 -74 -45 -2 50 -95 -70 82 -96 -87 27 90 -14 72 -9 -29 95 -51 10 82 -81 90 4 21 2 -99 -3 -81 2 16 9 42 -38 49 79 80 -31 45 61 85 39 -94 78 -84 39 68 55 78 -77 84 -27 97 54 99 8 53 -43 -74 -34 -16 -47 90 38 -84 10
12 98 -41 -92 68 -79 -66 66 49 34 -31 48 -62 -66 -77 -39 -10 99 21 88 24 65 0 -22 78 28 80 -47 -49 -12 31 -87 58 -99 19 -21 -40 -88 -91 -73 23 63 91 -11 33 78 92 -96 -71 -73 81 53 -15 62 -76 -65 93 10 -81 -21 -69 55 -66 -47 -6 -50 34 58 -95 27 -84 35 -5 51 93 48 50 75 -12 -54 39 44 16 -75 -26 -88 -40 25 1 -69 99 -86 36 -47 -59 61 58 29 -30 -63
50 1 -5 -99 -38 -95 -88 -30 39 66 -4 9 47 -64 -57 81 -44 -90 -52 52 -95 -16 -31 0 -64 15 55 76 -10 -88 83 47 -37 76 -85 -94 -59 -13 -85 53 15 13 -58 79 -33 97 65 92 56 32 -74 63 -90 -24 31 -99 85 -25 -15 -21 61 16 17 -14 53 90 -10 61 -95 -81 28 -63 -91 -55 -38 -98 51 59 18 63 -47 -99 29 28 98 71 1 -93 40 -4 -4 -77 -38 -87 -80 57 31 -43 -89 -54
-18 10 67 -47 84 -15 62 -2 47 49 -28 -14 41 91 -27 69 18 15 76 -65 33 58 -71 33 39 99 30 88 86 -87 -70 19 96 11 -39 22 7 97 24 66 29 -55 67 28 67 98 -84 -17 -75 66 -46 8 18 -90 -51 -47 61 91 -3 41 -29 97 -97 73 98 87 68 22 84 -81 29 28 70 28 -86 2 16 42 31 -62 -64 -79 86 -8 -46 -72 76 83 -90 48 69 -83 48 96 -26 -58 96 61 67 55
-53 -79 36 -78 61 -82 -58 32 63 -90 63 4 60 -51 -79 52 -71 14 -84 22 40 -30 -10 9 -29 -21 -92 -38 16 68 18 -41 0 -24 -7 -96 95 -30 -80 -31 86 96 -99 -91 -41 41 -24 -98 -96 60 -70 61 4 -33 -97 15 -57 -46 42 -62 -63 35 -90 36 93 93 60 76 24 2 -74 13 22 42 -17 -18 -62 9 -15 75 11 -68 -48 -22 9 -67 -3 88 -44 -93 73 35 86 -59 -99 -57 -79 65 41 30
37 4 77 50 59 17 22 -1 -94 2 -91 29 29 83 -99 95 -77 63 -33 47 -62 -9 92 -41 89 -26 35 -2 -70 78 -46 -15 -73 37 -16 -22 -79 63 -3 95 -75 81 15 -57 0 30 -72 14 -99 64 -36 18 36 -78 -75 -4 23 -25 -11 -98 59 -43 0 -28 9 76 -52 42 78 67 -79 -67 -48 88 -16 -50 54 -96 -77 32 7 31 -60 32 61 43 -88 27 49 62 46 34 -66 99 -33 -6 -57 85 -40 60
-41 29 -17 -70 -49 20 80 6 -48 -36 -98 -13 62 31 -95 -75 -25 -22 -30 10 16 38 -66 -8 2 -13 90 36 18 -75 -19 79 -7 -81 -1 89 -25 -7 62 88 -92 46 11 72 -37 -12 -84 -23 -80 -69 76 -42 66 53 -77 73 -54 47 -79 64 -38 -85 80 -2 -52 -27 45 81 -73 73 96 10 -50 -16 -41 -79 -99 -53 23 96 -92 77 45 -71 16 81 -66 -24 -53 85 88 89 0 -24 -53 -85 -63 -37 -2 77
52 -57 -51 10 0 -28 -43 -27 52 92 73 -64 23 79 -5 -14 -94 -2 -85 -93 -70 -8 -20 85 -8 -6 -88 39 93 72 53 69 86 64 97 38 68 -14 -24 87 96 -20 94 -9 -46 30 -52 16 -56 -16 38 -26 58 -67 64 63 46 -19 58 62 20 5 -25 44 69 -82 -68 90 -31 -12 17 78 -55 58 -2 -60 68 -75 90 -75 19 -22 32 31 85 41 19 59 24 47 -91 -82 -94 65 74 -70 45 97 -64 -22
16 4 -32 41 57 63 -24 59 14 -15 -36 16 -97 -39 62 86 -24 -90 48 -62 -79 87 -69 94 13 71 8 -9 56 46 -39 -42 23 3 -23 -70 28 -55 19 36 -7 27 28 76 -72 -56 -12 78 70 50 7 12 1 56 74 28 89 59 -77 -1 74 -1 79 79 -54 -40 62 86 92 84 84 69 -6 -24 -70 70 37 88 50 -78 40 -30 7 12 -64 47 -83 65 87 -86 -17 -27 -27 50 52 -42 -94 8 1 84
-30 -12 -33 -64 -52 28 62 -49 93 -84 -39 99 -53 -97 -33 27 42 -81 -88 5 61 -33 -92 91 -79 81 15 -89 74 -21 58 83 -13 -14 9 -32 3 24 -55 -28 32 -2 46 83 43 97 -68 -9 -98 -73 86 44 72 -67 95 75 53 92 -92 38 -55 -58 80 14 84 -91 3 64 66 -57 91 -77 37 -29 -22 97 -36 22 -4 -65 79 2 -87 90 -79 -13 33 17 22 38 -24 -56 -20 41 -90 -64 -44 -42 -82 -84
-73 -46 2 68 -35 13 -1 5 -8 -68 51 -63 97 25 -96 -86 -84 96 87 41 60 22 70 -47 -52 -45 -45 -84 -23 69 61 -12 7 84 1 86 68 41 -1 -40 35 27 -61 85 95 90 -61 -50 70 47 -14 19 92 -40 57 77 -39 70 6 38 37 -32 1 93 -19 82 96 -94 13 71 54 -98 18 -83 45 -2 -21 93 -86 -44 -22 -99 -15 -90 79 -45 -67 9 -12 67 39 -21 99 77 -49 -63 62 82 99 -59
11 72 -52 -42 -35 2 -95 -76 19 33 -19 37 17 22 -76 96 76 10 -78 29 -61 -99 -57 31 84 -12 -31 70 -95 76 -93 1 39 1 -55 74 -53 40 95 -60 -20 80 64 94 -43 -17 -25 38 82 -67 -46 -82 -12 80 6 -49 62 41 -62 28 35 59 21 15 -71 69 64 61 31 34 -86 1 -91 61 -39 -67 63 -36 -75 99 21 -25 -99 -61 -64 -86 -75 31 -36 -78 -86 -17 46 96 -73 -54 -96 -57 82 -72
-65 63 46 -28 55 -63 12 -99 98 -41 -55 -40 -13 -91 -6 7 74 -64 -8 -25 80 -3 6 -94 45 -7 37 46 59 29 -25 -49 85 89 48 42 -32 -91 40 -35 55 -91 70 16 46 29 62 -20 86 93 85 -9 13 97 -35 68 28 -76 -25 13 -13 -55 57 58 -91 58 67 15 88 12 32 -64 -27 55 37 -15 -8 21 -74 -80 34 -74 14 54 -34 -34 -38 31 65 -43 98 -74 17 65 47 -30 -84 66 -27 -2
69 74 91 68 -6 83 31 78 16 51 77 48 -31 31 -36 2 92 -6 -72 -65 51 22 65 55 46 -2 87 -13 58 -86 72 91 64 24 34 41 36 26 79 61 -30 -46 38 -66 2 55 -44 4 1 39 4 -13 -9 79 -95 9 -44 -24 54 1 57 53 27 -43 -75 -9 -97 -68 48 94 -32 24 20 14 -21 45 8 83 -68 3 -89 11 26 7 12 -20 -76 91 -36 53 -12 -29 46 -27 -60 88 -89 36 -29 -48
50 -53 9 -65 -24 5 -51 16 -19 12 -6 -85 -3 -28 -17 -68 -45 -2 24 -38 -38 -52 57 -70 -10 -94 71 -34 -94 81 -85 46 -9 -18 7 -80 29 -86 66 2 14 -93 -85 93 21 -62 -6 14 97 -88 -31 93 88 79 -39 -53 42 90 65 -6 -69 -39 -68 -64 -91 83 38 -1 -21 48 -12 -89 -68 -86 -45 69 -97 41 -17 95 -75 -2 -52 -46 1 -89 71 92 76 20 -88 -64 80 -15 74 14 19 -11 -71 -18
-36 42 -94 -52 38 10 -7 -34 -38 42 37 -33 -98 -44 79 -72 -35 -59 -21 45 -74 -82 -13 -78 -91 -57 -76 -96 58 -24 59 41 -26 80 -55 36 -55 -4 29 53 64 -2 -98 21 18 20 18 92 48 -95 -83 -62 -50 -35 -22 -31 86 -67 -45 10 32 -64 -23 28 -98 -10 25 5 29 -2 -64 66 49 -93 62 -28 82 -83 16 91 88 17 58 14 -60 -91 3 92 -84 -97 55 -31 10 26 11 79 -19 -43 -59 -47
50 66 16 -14 -70 49 -89 73 -49 1 -86 16 -58 92 51 -15 -61 -17 -20 -81 -88 78 -56 43 -82 -67 -55 -51 39 36 -73 36 9 63 -21 80 -4 -9 -51 -30 44 66 -61 -63 82 -2 -15 -47 -20 12 6 41 65 -28 -86 53 37 22 68 61 -79 -7 0 -26 87 -13 23 -73 -75 62 74 -89 -17 -24 52 50 41 -60 -12 42 -37 -9 -24 -97 40 -10 16 68 -53 -31 74 6 -42 -98 -69 -91 8 23 -2 63
15 -3 89 94 -91 -82 61 -85 56 65 -52 79 46 -42 94 8 21 22 -67 -90 62 -64 -89 13 8 39 -71 5 -33 -52 -41 -62 -40 -29 11 -12 5 7 24 60 86 94 77 80 26 -90 -70 44 39 89 61 4 14 78 -92 26 -60 -37 59 -67 32 27 -57 -18 1 28 78 -55 5 61 -39 -47 -30 37 34 99 -64 16 15 -99 19 -85 -21 38 13 -86 -71 39 -24 -29 -95 41 -24 -56 -80 -76 -37 23 67 -33
50 41 87 90 62 -18 -29 68 0 56 64 26 66 -22 84 64 54 9 42 81 -39 -5 -80 85 16 -58 58 21 -25 61 11 62 63 60 52 -73 48 -96 -93 90 81 39 43 60 -8 -39 -46 97 -87 -15 18 62 48 -81 0 99 61 -43 19 -82 91 30 50 69 -30 -46 -8 85 -97 -11 64 -93 84 55 61 26 -5 85 22 95 -1 35 -73 -64 -22 36 -32 53 -64 63 99 -70 27 -21 -36 -89 86 -7 9 -14
-98 28 -99 27 -75 -34 -59 87 44 61 -40 48 -4 81 16 10 70 -65 64 -12 -65 -87 57 -71 -39 -32 48 -77 16 57 -75 -48 -45 98 12 30 49 -87 -36 -90 -75 -43 -19 2 -91 -61 -59 48 -11 25 99 62 -49 -36 69 -70 28 73 18 11 59 25 24 -19 -10 48 -24 -63 44 37 75 48 60 -16 -99 16 -59 -37 86 -83 -87 23 -64 38 22 -28 11 39 -6 53 31 40 -66 13 -76 37 76 -4 52 45
75 38 61 71 -37 -98 -68 -67 -95 -32 6 -8 -20 -62 84 74 -76 -44 -40 85 -54 -39 -56 56 -43 -15 -85 -94 -43 -84 -33 -57 79 -36 -1 7 -94 -80 -5 -39 47 -26 -43 49 -68 -96 -35 24 21 -92 25 87 -43 91 84 -43 -81 -19 85 10 -11 82 -5 22 -76 -70 -97 -76 0 -38 69 -64 -81 -74 -49 88 -66 -3 66 -88 24 -21 38 -49 -37 -99 3 89 42 31 -33 -34 -42 44 50 70 64 97 -12 3
-25 59 60 -85 -8 78 -66 77 -64 16 -77 -32 98 13 -6 -56 -38 14 -52 -19 2 -16 8 -32 77 91 74 -45 -99 16 60 0 -37 49 -16 -78 29 98 74 -93 -84 -60 28 29 49 41 -44 20 -81 -76 -48 47 -40 51 -89 -11 -82 -83 7 30 20 -42 -98 32 63 87 82 65 45 -57 28 44 72 1 89 5 79 -88 -30 -56 -92 -13 21 -4 -28 -32 30 -24 78 10 -37 -46 -65 -93 86 31 96 81 -56 41
-47 -15 81 8 -10 -37 96 69 -62 33 -1 -93 83 41 33 -51 16 -97 -84 -49 76 89 96 -64 -73 37 -92 -98 72 -83 15 -40 56 -55 -43 4 -9 -15 -9 11 0 -72 -44 59 -44 -24 -61 -61 12 58 26 74 -19 81 74 85 -74 0 54 -12 -85 76 -93 -51 -45 2 -9 -46 38 89 28 8 -92 -78 7 -29 54 94 -23 -19 1 8 45 96 -23 91 -66 -79 -93 -13 22 -94 11 -40 29 -28 -37 86 28 67
-71 29 70 -97 39 -38 29 -70 36 -86 -69 30 -91 -20 98 -50 -62 -63 -3 29 -40 1 -84 89 88 87 -14 -6 -78 96 84 72 9 -42 64 4 -54 77 19 18 -36 -8 53 63 65 -90 64 96 -13 -18 78 36 -90 -46 -98 86 58 53 45 -28 -29 3 31 43 -84 1 -14 -96 42 -97 -12 -28 -20 -65 -79 73 -31 10 27 41 58 -26 65 35 80 79 37 -53 -47 84 99 -72 -25 37 -15 75 -65 90 -19 46
6 -8 -53 -55 -42 48 -12 16 -46 57 81 -37 -31 -7 -43 -30 -82 63 -43 13 -75 -15 78 95 -11 50 47 51 25 -68 -36 30 86 -23 58 37 -96 -57 43 -53 -21 -51 -26 13 -92 61 81 -69 28 -60 85 -79 92 73 -13 0 -93 0 -49 -24 -86 -69 -95 -57 67 -35 -33 -17 -33 51 85 -98 -25 79 53 13 52 -50 91 10 -48 -10 -52 95 -99 29 -20 26 -82 -18 54 83 90 -49 -6 -92 -16 83 -51 2
15 34 15 21 23 42 82 -93 8 -7 -73 -30 -20 -46 92 5 97 -52 -20 -99 -10 -47 43 20 -94 62 -75 14 -75 65 -97 12 -80 -12 -41 47 -26 41 -76 2 -44 40 9 58 20 51 48 39 78 -25 -19 -96 -44 -69 -41 42 13 33 -43 86 -96 -78 94 51 -3 86 -6 -49 73 -22 91 65 21 -36 53 28 -64 37 14 -66 -74 -51 41 27 52 -9 -59 -29 -38 -62 78 31 82 -9 -48 42 60 22 -53 5
93 -9 98 -1 98 -89 15 10 -95 -55 -35 -68 -78 -9 30 -85 59 -12 -22 33 -89 68 36 -74 19 -90 32 83 -52 -55 -50 -98 -93 -49 81 26 -44 46 -11 -99 -33 59 -85 -18 42 53 -58 38 7 50 -52 -19 -64 -97 -80 97 68 -4 -38 -3 -76 -80 58 54 -79 -36 1 42 -58 -52 -62 -14 72 -1 91 -40 -84 -66 -31 17 34 -24 63 -5 -23 55 -55 75 54 78 9 96 -80 -76 -60 87 5 58 9 42
-24 0 -9 -37 20 -9 -71 -27 62 -2 42 96 -88 6 -23 -40 -44 -13 -4 -30 -31 -92 29 11 7 -67 -58 -51 30 -83 81 -5 -81 67 -58 -28 -28 79 -57 79 3 -4 -83 -36 9 64 15 81 -85 -23 -54 76 16 -70 -3 -11 2 51 -47 10 89 70 8 -22 27 4 -78 26 -11 -17 -83 59 -34 6 91 -8 99 -18 86 18 -53 -55 84 -2 79 -73 63 55 8 -12 -92 34 -26 99 28 97 44 -75 26 31
