70 36 -73 38 99 17 -17 55 -70 77 -51 -36 58 17 18 -49 -53 12 11 91 21 23 -52 81 -9 16 -41 -74 89 94 38 88 4 69 25 -92 39 -69 -62 -86 98 -34 -34 -30 94 59 70 -17 8 -76 -39 -52 45 75 57 15 -87 -83 -33 25 88 -7 50 24 66 18 -52 63 73 6 56 15 15 39 -58 44 22 66 30 39
16 55 -64 -37 60 40 -89 98 -36 -64 -90 89 21 95 -15 5 -35 80 1 -35 19 -90 48 -85 6 8 17 -99 26 26 33 -91 49 89 -16 -57 12 61 87 6 32 -77 95 14 34 -96 39 -43 -74 65 -41 54 57 57 89 9 -70 25 -94 21 42 -16 17 -88 -4 47 97 25 -29 80 -78 -99 92 27 -80 35 -78 96 -91 -13
-40 -68 -6 -54 69 36 36 -45 -70 -37 95 1 -79 88 -95 1 99 -18 -33 21 -75 -94 76 -30 45 -9 -91 77 -61 27 -18 12 -72 72 24 6 -20 73 -45 11 81 -93 95 46 39 -68 11 82 5 81 55 -46 -75 18 87 -5 -92 -95 -7 -63 -38 21 10 -83 78 73 6 -74 86 24 -88 -34 38 56 10 7 -22 33 49 -6
-86 -43 1 38 42 47 -48 -63 -18 52 -98 23 -1 -9 14 18 16 -51 -50 34 -86 47 -96 13 33 42 80 -56 -97 -31 7 24 59 28 -88 -27 -60 -23 -38 24 -36 15 -45 -21 55 39 -6 -32 87 -22 88 -37 -72 47 -14 34 5 17 59 82 -14 5 60 3 63 47 -77 -64 27 82 -79 94 -10 63 98 50 29 -11 6 -65
-15 3 25 73 -50 -45 -99 -6 41 -43 8 -68 9 91 -34 -71 60 28 21 -44 -35 -59 69 72 -35 -48 -40 63 77 -35 -40 -86 -43 58 -80 -4 38 64 12 35 -7 -90 -72 91 43 -98 -23 -28 -49 15 13 -30 71 69 91 31 27 -77 -25 45 -15 28 50 24 62 47 94 -90 -75 49 -28 32 -31 -66 -69 96 -17 44 35 72
36 5 -29 55 -61 -17 -25 50 99 -22 10 -67 95 -42 94 90 39 17 45 29 85 44 2 64 -16 34 -56 -98 -79 -59 67 -94 13 -58 51 67 27 91 0 54 -98 -69 -99 96 4 -94 17 41 -29 -25 -72 62 88 -19 -15 7 2 28 30 -43 14 -60 -39 22 -98 40 80 60 -34 -52 -20 49 -25 -70 -26 -16 10 80 -50 -4
-64 27 45 -38 42 30 98 49 -21 -52 -72 79 -31 -54 18 16 77 27 -59 -98 -46 -78 66 -75 -28 70 -82 -39 19 28 81 -97 -43 1 63 -52 85 -10 61 -42 24 -21 -9 99 -64 -87 89 -67 19 82 6 2 40 97 62 91 11 -43 -75 38 -86 -84 -58 72 -52 -20 48 -51 68 51 -48 -59 32 -55 98 -42 55 -27 8 -19
86 -67 35 -87 78 70 64 -58 80 75 -49 -88 95 45 35 47 73 78 32 51 51 89 -56 94 55 40 24 69 -89 85 11 -61 7 94 13 56 -52 -35 12 -46 30 34 -75 -53 57 -20 -46 -9 88 93 -60 -54 66 26 8 91 -82 79 -26 30 -67 77 68 36 58 32 26 -25 -67 71 3 -2 -88 -4 82 -37 67 -51 -61 45
-65 92 83 4 -46 -92 -22 90 -57 -74 -89 -10 -61 34 48 4 10 -17 77 67 -95 -66 36 53 88 -24 17 -12 -77 37 -96 20 -7 -80 41 -66 -82 -4 75 -13 -61 90 -4 4 -6 -47 -35 91 41 34 -32 8 -28 19 -74 69 50 -62 89 -74 99 30 -99 30 -6 85 55 -82 61 21 60 28 16 -55 23 -87 25 -53 43 -19
-51 67 66 15 41 -2 74 -88 48 -25 67 26 -41 19 85 -41 -81 -35 59 -27 19 -19 -77 -90 -24 -54 -78 94 -15 -27 68 -97 -16 -82 19 -15 -93 -67 22 13 -38 -96 -57 -60 55 -84 71 -65 22 -26 15 56 -10 -93 -75 11 -28 82 7 -22 -13 4 -73 4 64 40 42 -17 19 -27 -74 27 27 -38 -82 -42 -57 33 -13 -15
-95 -18 3 -14 -8 -5 0 -17 68 -90 -77 -79 -93 -93 -25 9 39 5 93 -32 37 55 26 -63 -67 44 -13 90 69 17 27 -73 -80 -78 46 -12 57 -59 -10 -14 51 -43 -41 -93 27 16 43 82 -38 -86 -25 -94 -84 -6 -35 -6 64 51 -38 -93 -72 -47 44 -50 44 -18 -34 -18 20 83 8 -46 8 -43 52 29 21 47 20 -89
84 -61 30 -45 -69 -11 38 99 59 -84 86 77 -20 -50 65 -28 75 -10 51 -3 4 -74 -79 -87 13 -58 -81 -61 23 -11 -42 0 -2 -34 36 -24 5 -77 -1 4 -72 75 15 93 -49 49 -23 -42 55 -32 -16 62 -51 56 -49 -69 71 -89 -80 89 -68 83 -64 29 -49 57 81 7 -97 40 49 -71 -4 58 -36 65 -14 76 54 76
-98 82 33 -87 33 -2 91 -89 12 23 75 -12 67 -53 -75 58 24 39 -37 49 11 -82 37 20 55 -59 -45 -7 97 -31 89 -60 -23 -76 1 -11 8 35 78 -4 -40 5 9 -74 -34 52 32 29 -92 -86 -50 16 -61 -78 78 -2 44 12 -76 -78 -95 64 -90 8 4 -83 -60 -83 -26 96 -76 -92 59 32 39 -92 3 25 -33 -27
29 91 -25 0 37 -73 -63 24 -30 -96 64 26 57 12 65 -46 -42 -25 -88 -80 -87 10 -91 82 -85 53 13 34 1 -12 88 47 -7 71 -35 84 -17 -71 -54 -90 67 24 43 6 93 34 -65 1 96 17 81 59 -57 -32 -43 -75 -65 -70 -8 -89 -76 5 92 -56 -31 -54 -89 -59 41 56 -79 34 -31 99 63 -82 41 -46 -56 67
-66 -62 42 -44 -60 -61 -41 -73 47 3 -60 -81 97 -86 90 -93 46 7 87 -15 -19 -58 61 -67 -9 24 7 39 11 -59 -89 32 -14 -20 25 -10 -65 37 64 -29 15 7 16 7 -68 49 -61 -48 6 -18 56 -12 33 -36 64 42 36 88 99 -61 -84 -12 40 28 -46 -28 -32 32 -15 -7 -83 8 83 73 -39 53 -82 52 -40 54
-18 64 -49 60 31 -57 84 6 94 86 -96 -20 25 10 70 -89 -8 20 18 85 -24 -43 88 -67 -6 47 -12 49 80 25 28 -62 87 32 -40 62 82 -40 97 -94 1 59 -86 -33 92 -20 81 -27 77 69 -50 -13 -13 -39 -28 -59 -13 52 -27 -54 -31 54 52 91 -86 -78 57 70 -21 36 63 72 70 47 27 59 -29 82 50 91
-5 97 75 -73 87 38 75 16 -38 67 -52 -40 18 -7 -66 62 75 -36 -2 -79 -32 -27 12 62 -65 64 8 73 -27 92 -91 -10 21 -43 -25 -95 -65 47 -28 -93 -85 59 84 -20 99 -47 -11 67 -70 -62 28 69 22 -32 -41 -93 13 -27 50 54 46 9 35 88 -34 21 0 -10 0 -33 39 96 45 -50 -32 -2 15 34 1 67
91 -6 35 89 92 -79 46 -91 93 -78 15 -58 6 -17 -16 77 -57 -83 -19 89 54 59 -42 30 -78 18 71 -92 37 -66 -58 94 84 47 30 -92 -55 -72 39 -57 1 8 94 32 12 63 43 93 12 -69 64 -16 61 22 -51 -25 -78 -16 23 -44 -53 -66 -19 -79 83 23 -49 46 38 53 47 -13 -37 -35 41 -96 -35 -84 -65 -74
66 27 3 -93 91 59 49 -17 11 -28 55 52 -33 87 40 15 -98 -4 4 -23 -94 83 19 -41 -33 -86 -5 -2 24 69 -61 -26 30 -76 3 -33 -7 22 -69 28 76 1 -90 60 -97 -25 61 0 -47 30 67 17 -16 6 53 6 -64 27 -78 89 -71 -95 -46 -34 75 54 -19 65 68 14 82 -81 -21 64 -57 77 -98 72 -62 35
12 86 93 -39 -34 0 18 -75 24 11 -66 69 -91 62 89 99 24 -55 0 -96 99 -11 -98 29 11 -44 13 -2 90 -67 83 70 3 92 22 27 -51 -81 -43 -83 -10 -86 -24 -73 -65 89 5 -90 -23 88 -91 -39 -84 8 26 -87 27 13 47 -88 7 99 -1 57 -33 -19 89 98 -67 -2 32 39 23 -34 -74 0 37 -33 -6 -16
72 95 -59 -97 -27 68 -48 62 27 -78 -75 -44 -57 73 -39 46 50 46 49 -70 58 -21 52 -38 -23 61 -43 11 -33 48 38 -60 -32 -33 46 58 66 44 1 -31 -63 -63 -67 13 -1 -58 0 8 -1 -83 -1 36 8 37 -70 -64 -10 -26 59 34 91 -19 4 22 8 -60 65 30 19 46 59 -37 87 16 38 -16 -44 3 -62 73
32 -45 -20 -56 -39 -19 -84 62 -12 -57 0 -46 33 -51 83 89 74 52 20 77 -34 -76 27 -34 31 -95 33 62 22 -83 -24 47 69 97 -44 91 98 -92 -33 54 -37 37 20 11 51 44 94 63 -80 5 45 76 -77 -15 8 -85 -55 -22 23 -15 -84 -37 -58 -29 88 -45 -53 0 4 -70 -33 -77 -70 96 -30 29 3 6 79 -27
-17 -60 -31 -10 81 -99 -37 -94 94 -43 -19 -72 -77 -95 -17 47 6 -30 -83 90 -65 30 -61 17 -32 -49 -51 -11 -76 -22 84 86 56 91 73 64 -49 -96 13 91 13 6 45 -39 -98 1 -74 -87 86 29 -40 -47 74 -86 -26 81 59 -68 -11 50 36 -89 -89 -5 -29 -7 0 -63 -63 44 65 -20 -18 41 -90 5 -43 -29 3 -28
-58 38 66 -94 25 -69 89 44 -16 -31 90 -89 -20 -40 -85 2 -99 2 15 43 -33 80 -13 -79 -97 32 -84 26 8 83 74 -4 33 32 -92 11 -85 -57 -58 -58 49 50 -7 -91 57 -2 -55 -49 -82 -66 35 -49 -93 19 -25 -46 -30 97 -61 -63 38 25 -8 71 -79 -39 -5 -29 14 -30 41 -78 89 98 81 -16 -11 71 71 -84
76 78 -42 38 -7 68 98 41 -90 81 -51 72 17 -79 66 75 66 -68 55 -51 29 9 89 5 -93 -59 69 -10 79 -52 -36 21 29 39 11 6 63 18 -83 90 66 -48 38 96 57 -93 -87 56 46 -44 38 -56 -20 -12 -56 -19 11 3 -69 -43 68 -89 -6 53 -93 67 28 1 -84 14 97 -60 -30 -95 -41 -36 19 -13 8 -25
-18 -21 -41 28 -86 69 -13 35 9 -73 -23 60 -6 26 22 -3 44 1 -26 -71 48 68 34 -62 -95 47 -27 44 84 66 -83 51 61 53 16 98 78 -2 53 56 85 -63 -21 18 6 -66 55 13 52 72 -93 84 73 35 65 -87 49 -66 64 29 -23 48 -70 -8 -72 55 -48 -89 -22 38 16 -23 -11 74 42 17 -49 36 70 67
-27 1 67 27 -72 95 -72 -63 2 81 93 19 74 45 31 68 -83 55 -82 -58 19 97 -23 23 -84 -67 95 32 13 -35 -56 16 -61 46 54 -48 99 30 86 49 -61 54 34 -53 39 -71 -62 -54 54 78 -25 65 28 43 22 -66 53 43 31 50 59 -55 99 -21 -9 27 42 -48 56 -77 -31 -41 -92 93 -16 28 47 -84 23 -67
74 96 79 -72 -82 64 -7 12 2 76 -5 31 47 -5 20 -92 6 -59 -22 24 80 80 -47 -33 59 -10 17 -10 13 44 -15 -42 -97 -32 71 -28 -58 16 16 12 -24 54 -44 77 72 -37 21 55 79 44 -13 -18 34 46 64 66 88 28 -19 -26 62 -45 -41 37 3 -24 98 51 -15 82 -91 18 66 -90 79 -65 53 31 -75 -65
-1 -89 43 38 -83 10 5 8 -14 -48 -62 -5 -88 58 -73 -39 -71 49 72 45 -95 -73 26 54 50 -53 15 -31 81 -59 62 -80 -98 82 -15 64 61 46 -85 -72 -22 8 33 -50 -57 -39 -64 -93 -98 38 -69 -56 97 -91 76 74 -25 -88 3 -5 -83 19 34 60 42 -29 98 99 33 75 -50 -66 0 39 -45 -97 -70 -36 48 -96
-69 -97 99 1 -16 -88 55 0 0 -70 68 34 -29 -38 -56 74 -57 87 -67 52 28 -97 -93 6 -69 87 -98 63 -86 -94 55 -96 -28 -60 0 -43 -37 79 99 -77 -70 28 79 -72 20 20 -64 94 -74 -1 92 8 -4 37 48 61 23 -29 17 6 -60 44 -85 0 -49 -6 -75 43 56 -29 48 54 -94 74 -4 -90 -71 24 -28 85
5 18 -72 69 -47 34 44 -6 -65 -60 -32 -73 0 -73 -19 -30 -99 -9 -4 63 -49 -94 -68 -78 3 -52 -40 -45 72 -63 84 76 -58 89 -66 -39 -77 56 -73 80 -68 49 58 45 39 51 19 -90 18 94 98 -65 86 78 -25 -10 -48 -75 -52 38 40 -20 -60 -29 39 -9 -74 -43 -59 81 32 24 -46 97 41 66 63 63 -4 -24
-42 -79 -58 36 83 -2 61 43 -6 -51 8 -94 81 -68 35 26 -26 51 -99 -32 91 -98 -25 71 -51 -35 59 -56 29 -23 4 -5 75 38 85 44 -23 -72 76 -89 79 2 -6 55 2 -77 55 17 -64 4 -86 -49 -1 -96 42 -17 38 -49 10 19 -79 0 -96 -23 -60 51 56 74 -73 76 80 98 52 77 -84 -60 -90 19 -98 -8
-11 -33 -43 71 67 41 99 -40 -91 -8 -51 -66 5 -14 87 -97 27 -44 39 -21 28 -74 59 -71 3 64 47 -60 -27 -21 -61 -79 -73 83 8 36 -80 21 43 -49 -75 -23 57 3 58 -57 -27 -59 -75 -19 -56 -92 -1 -25 -28 -51 12 -49 34 3 9 32 38 -22 -77 46 80 -44 87 -45 68 99 -46 30 -68 62 28 -43 27 41
69 -75 2 36 30 -68 -48 12 -38 84 42 -71 89 -86 10 -48 -87 -91 23 -5 -43 -76 34 -57 90 61 -3 87 -46 -32 -22 78 -44 45 26 -33 -82 -50 38 -86 -56 91 -19 5 -95 10 -78 -19 31 -53 36 38 53 83 29 26 -79 -50 -26 -82 49 -95 -79 56 -42 -1 63 -57 -88 84 2 -75 -66 43 52 25 -35 -99 67 -19
6 -31 14 -69 -82 -42 68 -4 -63 16 96 75 -96 38 -73 -74 77 38 -32 40 35 -84 86 -89 87 -79 -30 -48 29 33 96 88 46 -15 -91 8 22 -25 -86 12 -67 70 -83 -77 -10 -92 -9 -55 -80 -95 -20 81 8 -82 9 -58 78 -21 14 -23 -96 -80 -32 57 -13 -81 82 -35 -57 -12 31 -70 -8 80 78 25 -87 -36 -49 -16
19 14 66 -94 78 -3 -35 -71 -64 70 2 -94 -37 0 -58 7 -82 -58 31 -25 99 32 -67 -13 -47 32 1 -8 -50 -73 87 -31 33 7 -51 -90 61 27 -22 -34 -5 95 -52 -99 -40 99 -2 -18 -36 -52 -92 -72 64 84 -40 -4 66 19 8 13 4 26 37 4 33 1 -38 -55 83 16 26 50 -4 89 -29 -69 -95 -88 -76 55
-31 39 1 72 67 -51 74 -3 67 -21 -75 71 11 38 -26 68 -61 53 55 -74 -18 65 0 -63 62 26 -80 -44 -33 -65 -50 -41 -92 95 -71 15 -15 75 58 50 71 23 84 -45 53 70 82 16 -24 -11 -32 92 -66 -70 54 -90 28 -44 24 -35 54 -13 3 3 -8 93 42 24 -67 -71 -75 -15 -77 -90 35 -74 99 46 3 -20
57 -16 91 -17 -56 20 94 -67 78 -43 45 61 -16 -43 82 26 29 87 71 72 -70 -14 77 40 56 -26 28 79 49 -94 87 18 52 56 9 -36 76 -8 32 -54 -11 -51 -8 9 74 81 33 -99 -65 87 7 -73 41 -28 -50 -60 26 -37 41 68 -9 61 62 22 -48 -67 4 41 -82 -21 -94 97 37 -22 1 6 -11 -36 -92 -76
85 -9 -31 -64 -3 -52 97 34 -17 86 50 -90 -68 33 20 79 -28 -86 18 -12 -96 -37 81 -20 -76 -14 65 23 -91 32 -39 26 -48 83 -42 22 63 95 -66 30 -61 38 -78 -53 98 92 -26 93 -35 -97 -35 -51 43 -77 -7 -90 20 68 -15 -65 98 7 13 77 -15 -2 -98 75 -11 -64 10 -54 4 -77 -19 53 68 -25 67 72
99 57 36 -1 89 28 -1 5 -38 54 -48 70 22 50 44 -45 -26 -23 48 -68 53 93 51 72 -5 -39 12 -36 -38 -45 6 -81 40 12 -98 -37 -14 1 33 75 -10 40 28 -22 83 -79 72 -30 35 -60 -36 98 -50 85 86 -95 -80 37 39 -61 55 -76 64 -80 60 66 73 -78 -76 -4 -27 58 43 -5 19 16 -93 93 -60 70
64 -72 -5 14 61 11 -97 84 -95 73 -54 24 13 82 79 -85 34 -73 31 -35 17 -76 89 34 65 25 2 -53 43 63 50 95 32 -97 47 31 99 53 -61 99 -24 80 -39 -69 89 -32 54 -43 5 -38 -78 -38 -97 9 44 44 -48 -55 19 -79 19 -73 2 -37 56 -98 65 -44 34 30 -88 62 -25 -41 86 98 98 -34 -41 29
-52 54 55 -1 71 59 53 -61 -87 1 -73 93 18 14 11 71 85 98 17 -48 60 -71 -44 -34 8 -40 79 58 50 -43 -11 -47 51 45 66 -84 36 -58 -9 6 -9 47 -13 4 49 23 81 37 1 -15 22 -60 -83 -60 -90 -19 -73 98 66 81 56 66 -68 82 -98 0 74 -87 11 -10 75 -75 73 -33 50 -79 67 11 35 -79
81 -41 -29 96 78 -52 77 -12 23 1 -52 57 -78 -54 69 -34 54 93 69 92 -83 34 6 35 -68 -87 77 -85 -63 -73 -66 9 -84 27 -34 -14 -64 -30 41 -81 6 -81 -67 -28 -34 20 8 -14 -87 70 -80 -83 37 50 24 85 10 48 82 9 -26 16 44 21 58 -69 -5 25 52 55 56 -2 70 29 -65 47 -6 -36 33 45
-83 -18 0 -81 -89 -49 -71 73 44 95 -52 -21 -17 -9 -26 87 -24 97 66 -9 62 -86 -70 54 59 -47 50 29 21 16 -80 87 23 -14 -85 -95 3 -72 0 92 -76 64 -21 62 62 85 -75 -33 77 -99 58 -58 -38 54 -7 -40 15 68 92 72 92 -93 26 50 19 79 -18 72 -71 -86 -62 27 26 -52 61 -90 -79 -92 63 -6
49 39 -43 -16 15 -44 52 -32 95 65 -26 28 -82 -19 68 34 98 -20 -43 16 -41 43 3 60 -6 -18 -4 17 -85 -31 -57 -99 61 -40 -80 55 58 -56 -53 -20 -62 49 14 11 -12 94 55 57 -87 -12 -96 81 53 -67 11 -36 88 -50 24 28 -54 62 -94 92 -85 5 -51 57 -49 73 -73 23 9 58 89 3 -91 41 -77 -43
-52 -57 -28 80 44 -70 48 -2 -93 44 23 78 96 -64 -89 13 -87 -38 -91 -56 -80 -53 -38 38 43 43 52 -98 30 -52 -63 72 -41 -43 7 38 -8 -29 39 37 -49 29 -82 -45 91 92 3 -73 88 -61 29 39 24 13 -92 -57 18 3 -80 -12 -35 -11 -4 -84 -67 -14 -54 56 -97 73 15 -51 -71 -90 34 10 -47 -46 7 42
79 -66 -86 -10 -15 45 -28 87 -63 82 52 -82 87 46 97 17 -50 -65 -82 38 -96 1 -95 -91 34 -47 -17 -13 71 -67 39 91 31 31 -54 91 -1 -11 -89 -13 42 60 75 46 85 -12 -69 3 11 -49 -99 96 50 -31 -12 6 -80 -73 -53 82 -22 -88 17 73 -97 -70 38 -32 68 88 81 -8 -24 90 -70 -53 31 78 -73 -99
26 18 68 -21 58 -66 -53 73 -52 81 92 80 64 -76 36 -54 -35 93 -49 36 66 43 96 -76 -61 28 10 99 -9 -2 -25 -52 49 78 8 51 -45 89 2 5 32 97 -80 -64 36 89 94 59 63 59 -63 42 14 62 6 -92 -73 -20 -15 -29 -70 70 -54 -88 81 -74 -13 -74 -42 21 39 -35 46 30 89 -38 94 -10 79 -97
-57 -73 -73 -99 91 -45 -75 -78 54 -8 -9 40 -14 -58 15 59 -12 82 11 19 -90 78 24 94 22 4 -76 -45 -62 74 28 87 82 87 -37 -55 39 73 54 43 52 92 83 -50 -96 -35 86 19 24 78 50 93 85 -51 -6 -43 55 39 97 -59 -66 59 -39 92 -22 -35 -37 -67 -66 67 40 -25 -4 -34 22 -16 -91 -33 -9 -10
43 46 65 31 -18 76 97 -56 -61 -84 -85 48 37 -31 11 36 -90 94 88 83 -18 -46 1 -41 56 -33 -43 71 52 -80 92 98 -24 86 49 -88 46 -10 -35 -12 33 88 -83 -89 50 -2 -31 -14 -43 15 91 39 -49 61 22 1 -15 20 85 11 -25 3 72 86 92 -65 95 -97 -79 69 -11 35 93 -52 -66 31 -57 90 66 48
7 92 88 57 91 -7 -80 34 81 10 -54 -88 13 -55 4 -26 -94 38 28 -17 22 88 83 26 86 -10 -1 83 -36 36 -49 -68 -54 -26 -29 -40 -87 72 73 93 44 82 -33 -33 -53 -87 53 85 50 -21 -56 39 -74 82 -72 -92 99 57 97 -39 31 -99 -97 -7 -54 5 -35 -79 73 -90 70 -27 61 46 -33 -50 -88 -65 81 6
5 81 46 -19 71 19 -19 -57 -40 -5 1 95 80 -55 41 -65 21 15 27 -97 -61 91 -31 95 -46 -6 -57 -11 -92 -26 97 -30 63 -60 -81 -71 -63 21 -11 -47 -70 -16 -93 -75 -62 -98 -73 21 -80 -73 64 -18 5 89 89 43 53 30 -47 -53 75 -62 89 -39 -44 -71 82 78 70 -76 31 8 -71 34 -80 37 21 9 56 -33
-90 42 3 34 -91 46 95 -26 -90 25 -29 6 69 -71 -29 70 -64 -49 -63 9 97 9 3 44 -46 -65 54 -43 -38 -33 -56 38 69 -82 -70 16 -43 60 4 -63 -59 31 -63 15 -24 60 33 -4 -37 92 65 -10 -46 -42 57 -47 -6 -36 38 -75 38 3 19 63 44 57 73 75 -93 -45 -64 28 54 -43 91 75 -47 -32 -69 -35
58 41 53 -41 -48 -46 -2 56 41 -89 -67 62 64 -65 72 -2 41 87 -8 53 -75 44 -17 8 91 24 -22 93 57 52 -25 -76 -92 -44 -84 -10 -29 77 -9 -34 75 -41 74 -78 -8 3 -20 48 66 -94 -52 48 28 61 14 -73 28 -32 12 7 -86 2 -43 70 7 -40 -88 -53 75 10 -43 2 40 63 7 84 -62 19 -47 38
43 -17 -54 66 -87 30 30 49 26 -92 58 -60 72 -76 80 -29 -87 -81 11 -57 54 -52 -3 66 77 70 -91 48 45 -8 21 26 -31 82 96 -30 -76 -29 -59 96 88 53 -33 -80 -89 51 99 96 -49 43 47 -8 -28 69 -22 -77 -3 -29 25 86 -23 -7 5 62 40 -41 46 -80 -95 19 82 7 -38 -12 -70 94 -30 -41 -39 57
-45 -73 0 -22 84 87 64 98 -4 79 -73 82 -87 -84 -52 54 28 31 50 5 -59 -51 50 -6 -57 47 -2 8 -27 -31 -31 20 39 -39 79 -64 22 -57 84 63 -9 33 67 64 91 -57 85 10 69 -37 -14 29 97 -24 -93 -27 -45 -41 51 22 94 28 24 16 -97 90 -5 49 -3 -92 72 -53 -32 -56 25 2 -19 -94 -49 -91
24 25 -3 68 6 18 -35 -98 60 10 1 98 96 -4 31 88 -76 21 -28 62 14 -16 84 -75 3 79 -5 -57 55 15 -70 9 44 20 -49 -13 -18 36 -30 -26 -18 21 13 -99 31 71 50 91 -36 -33 26 54 -4 -38 -95 -67 37 47 -71 81 97 59 33 -7 -37 65 -24 69 -3 -70 69 -56 80 -69 -55 4 77 47 -51 -17
66 41 33 93 -26 -38 -35 73 29 -2 41 -26 82 -55 6 -98 26 -56 1 -13 2 69 56 38 -44 4 54 55 54 50 87 39 30 -19 81 -33 29 68 19 50 -63 59 -24 53 -72 -45 73 -23 0 78 -84 -5 -25 -41 8 57 -99 66 -9 -19 75 31 75 -68 -72 57 -91 -41 -51 33 -7 73 -16 -92 -71 46 83 18 11 -18
87 96 82 58 69 -29 76 -38 -11 -44 66 -8 26 7 -52 -27 -74 74 -81 -65 2 -62 11 17 82 62 39 93 -27 94 -60 -38 7 25 89 -42 -17 -93 42 84 -86 -77 12 49 -65 -95 -45 -16 30 84 -74 -90 12 74 17 -66 -17 11 85 -88 -83 7 38 -81 -70 6 -9 22 -62 -72 76 3 -96 -81 25 -78 50 -80 56 -47
24 14 -17 13 -45 -1 -87 -41 14 -45 -36 9 -97 -21 -60 63 96 -51 47 4 84 -32 -95 -71 -90 -25 -36 -38 -80 -28 63 -51 -90 22 -75 46 -67 40 6 6 24 -95 -46 74 16 -20 -5 50 -82 48 35 14 -97 99 -7 -64 48 68 -24 -44 92 2 -40 86 -81 -73 85 57 48 -35 57 -11 94 6 -66 97 -24 76 15 95
39 -32 43 43 89 84 15 -78 62 -81 10 37 16 -30 37 67 -75 -38 -27 61 10 40 96 12 -51 -19 -61 -8 22 -8 85 -47 -25 23 23 25 -38 35 -61 31 12 -13 25 -4 -35 -69 -19 -47 21 65 46 -64 96 -39 12 46 18 -12 -7 -9 -58 -65 63 25 -13 -93 -62 -26 21 62 -73 -43 84 -89 41 -87 -91 62 -42 -42
-99 98 92 61 50 -29 -1 61 -62 94 -82 23 -82 33 -84 -68 77 -53 -99 -34 41 -93 -41 -21 48 51 3 -88 32 18 -55 51 -28 -36 -88 -11 1 -28 -30 14 7 67 -20 56 76 15 -37 -41 93 78 27 98 13 -83 -86 -79 27 75 -55 4 60 -1 -10 40 70 -80 81 51 -47 -93 88 -96 88 14 1 36 85 9 -39 -20
-2 67 -12 -94 55 -67 -10 -89 18 -15 -83 67 -52 -53 7 25 -54 37 -63 35 96 -17 -37 12 -22 98 -79 -21 6 -90 -38 53 -40 -10 -27 -97 -69 78 -9 9 84 31 78 -5 66 94 -75 -80 97 30 -12 -46 -92 -22 -55 -55 -5 -7 -56 -3 8 -68 -22 -12 -41 25 -20 63 30 0 95 41 75 50 3 -8 -35 -32 -56 -44
42 -9 -63 3 1 -22 -70 49 -83 -33 90 -1 -31 -66 34 -51 -87 -22 -20 -68 -75 77 29 -72 -5 70 -4 -27 97 -12 29 74 65 61 -2 30 -77 0 -2 69 -85 -23 -11 3 97 -32 -70 -24 -44 -90 13 -62 77 36 -16 97 -56 12 -52 -63 -47 -58 19 33 -99 -17 89 82 85 -44 13 -1 12 67 -78 -83 -67 1 53 60
-21 73 -65 -86 9 -88 -23 84 -65 -80 -51 11 59 74 75 -11 28 -25 -29 80 -70 22 -26 26 39 29 98 96 67 -77 -37 58 -70 -73 4 84 -16 53 -80 10 -63 -18 -44 97 -19 22 -15 48 -13 -51 52 87 -29 6 -64 -82 58 32 -74 45 45 -16 61 6 -38 -23 -16 -2 -13 58 -54 55 -38 -7 -83 -81 93 85 -3 39
2 29 -64 -33 14 54 88 -86 60 64 -85 -45 -10 67 -83 -50 43 40 89 -20 -44 -64 21 -46 -51 -66 -21 21 11 1 -30 30 35 45 -66 25 -67 97 73 46 48 -13 -97 95 84 51 -51 -76 -22 -18 -20 0 56 -17 52 -14 19 -33 90 19 53 28 -40 9 31 34 -25 -93 15 -2 -82 49 -43 -83 -78 81 84 -15 -67 -42
70 -83 -97 -98 -41 -40 82 40 -5 94 94 -82 -87 -41 -57 96 -52 -40 31 3 -67 72 99 43 9 8 82 28 -75 40 26 -39 29 -45 -52 -52 -96 45 31 -85 -13 15 20 44 -8 -21 36 80 61 35 53 -34 33 95 83 -68 -70 -69 -2 -28 -13 29 -21 -21 -48 -46 7 87 -45 86 43 91 53 46 -86 13 -97 -73 -45 -78
-65 -84 23 -48 -57 -39 35 8 34 -46 -33 -48 -22 -73 -36 -36 98 -95 -27 -76 30 -40 75 -90 50 -74 -67 -88 55 49 41 -50 37 59 94 23 72 63 -57 -56 -46 -90 -51 -47 -59 24 -68 -83 82 52 -91 62 -73 15 -22 -65 65 -71 -54 40 -25 9 -56 3 25 -8 -95 -46 3 -19 91 -51 -37 9 91 -7 82 82 -6 -60
-91 -36 43 -40 -35 -38 -6 21 54 25 -35 46 -37 20 42 -97 -44 35 30 36 31 -44 -10 -76 31 -5 -71 75 74 -12 94 41 83 89 -69 56 23 -31 -70 18 5 -19 -26 52 33 -93 -5 -61 -8 51 -98 10 -79 15 54 -21 -17 -18 39 -22 -67 28 -96 6 -82 -81 -48 -67 29 67 -82 -94 -6 85 -9 60 -92 -79 69 -14
24 67 -30 -38 -27 -79 -97 65 96 45 19 -26 -53 -56 -64 17 39 79 59 -88 -3 39 25 27 -27 63 -22 -65 16 -16 -68 -92 80 94 -96 84 -76 -27 -7 -95 -95 -44 1 -33 6 40 -93 34 -77 5 -69 -27 -11 -78 12 -79 85 -60 -48 -66 72 -10 46 -77 -17 -26 42 61 18 59 -41 15 -18 4 -3 73 -53 -59 39 -31
39 56 -30 -18 -32 22 -56 13 -47 11 0 15 21 -65 -53 98 40 67 90 35 98 38 -88 48 -11 -98 -64 73 1 -54 57 -16 -55 66 -9 -75 28 48 -52 29 -25 57 -50 83 -1 -24 41 47 22 54 58 -14 -65 -37 -73 -88 -30 65 -65 37 53 58 21 82 10 -55 16 53 66 54 -51 13 -10 -66 53 89 -11 -35 26 -84
-15 62 -85 -82 83 67 -80 85 -32 -34 -28 62 98 -53 24 61 -27 -78 14 -78 -90 -24 -31 -13 63 -21 99 90 43 -55 65 83 -83 25 -58 8 -91 22 97 48 48 54 17 -38 5 -30 7 -7 90 -38 -45 -98 -80 74 -46 -18 53 17 -33 43 7 -13 -35 84 92 26 -97 -45 57 -36 -28 -46 -77 7 -72 89 -11 23 -1 -87
99 -48 12 29 -70 -99 10 41 -43 40 -4 -37 -53 53 -16 -87 -34 10 -93 29 63 43 -35 -96 6 22 -56 16 -54 -46 -25 -47 49 28 -42 27 -65 -62 28 -43 94 36 11 55 -1 80 94 -25 9 -2 -50 -8 11 84 80 -20 -20 9 66 -12 11 44 -38 48 84 53 71 -27 62 -45 86 72 -14 -83 16 -20 -56 -92 -45 95
74 -58 50 -17 -11 37 20 -49 -70 -87 -4 42 37 -29 -64 73 52 -73 -59 -15 -26 73 -89 50 62 1 -50 -51 69 -67 -36 -82 -31 35 -56 -33 53 -1 53 -65 -48 69 23 -34 48 82 -85 82 74 -91 -12 -85 13 86 99 18 -88 -76 -2 -55 -61 -37 -59 -93 -83 -40 18 -87 3 -27 -34 84 -80 94 51 39 62 -81 -21 -58
88 -83 98 -6 18 86 -24 -23 21 33 -41 -27 -12 48 -86 29 -8 -48 -60 96 32 22 -19 83 -17 86 76 -52 74 -28 50 52 44 -13 -77 64 37 -91 -31 -30 94 -56 -39 -81 40 -40 -60 -24 38 95 -97 -34 41 -82 33 68 2 55 42 4 53 30 77 -37 86 -32 45 43 15 -76 -53 -80 -61 80 37 90 49 40 13 52
82 44 76 65 4 -82 -3 37 -36 90 -36 50 -35 67 -45 -68 -61 -52 8 15 7 44 16 86 16 3 -1 29 -27 -52 -87 94 -92 90 81 -39 77 32 75 -61 79 -20 78 27 77 2 -92 4 -18 -16 83 63 16 -22 -4 -86 -31 59 -19 -32 -2 -92 -76 60 -6 -55 -10 27 35 35 -85 5 -41 -66 -71 -70 45 -43 -11 61
-41 85 -13 -13 49 56 14 -52 24 64 18 -97 81 86 -85 53 -46 -51 51 -70 -65 -43 46 89 -10 90 11 -87 -41 -35 -12 68 -37 42 -69 58 30 77 -7 80 -82 35 -76 81 14 34 55 75 56 14 22 -66 82 -71 -13 54 -37 -45 -37 56 -5 25 -38 22 -13 35 31 80 -89 45 -28 71 67 -30 35 56 -67 -42 12 62
11 -45 73 70 65 -66 10 -98 98 -76 -10 26 46 68 27 89 89 -60 68 30 85 89 -61 -70 -23 -7 78 -43 -75 50 70 10 1 -29 -86 33 68 67 -6 -80 -93 -5 -85 -34 57 60 79 -23 58 -97 -30 26 14 96 54 -45 -6 -97 -72 59 -5 34 -27 5 65 -11 -97 -53 -54 -86 -81 61 74 80 -59 -79 97 -2 40 67
-87 -72 -64 88 33 64 -69 58 79 59 -75 -22 -36 41 -87 56 42 -27 75 55 -74 -54 -21 95 78 41 78 -47 23 -8 62 -42 17 81 51 -8 -46 -74 11 -44 -21 -55 -77 -44 -84 -4 80 71 93 -2 10 -76 73 42 43 -59 -37 82 -60 44 59 -32 66 -18 -65 -94 -63 64 -49 85 91 55 64 -94 4 -22 -97 -56 18 85
-83 25 11 -27 33 -53 -25 -58 -49 -72 42 49 98 -91 -51 53 -55 -20 13 61 85 -35 -21 51 44 47 -32 -79 -97 37 90 -54 -13 -68 69 -8 -4 -14 5 -53 3 -59 -53 4 67 46 29 98 -33 83 37 50 89 -86 -85 72 60 85 -45 70 -73 97 -21 19 -59 19 61 21 62 90 3 -62 32 -51 -47 9 59 -83 -76 61
