-1 92 -83 21 -48 86 -43 58 54 8 31 -60 17 5 -95 -91 -49 -62 32 15 82 65 -46 -45 -69 23 -74 -59 44 -65 7 -9 73 -69 42 -5 65 55 50 32 -48 14 -98 -7 63 -28 -82 -4 89 14
48 1 80 -4 91 -8 27 97 -41 -86 84 -77 -70 56 50 -95 -33 -13 -28 -75 -87 -64 53 -43 -83 -97 -94 98 -68 -67 -50 67 -61 -39 41 -81 -92 49 -28 59 -54 43 51 3 -70 59 -62 80 -17 9
-16 -76 -21 -53 84 64 -61 -28 -29 12 28 5 4 -4 83 -81 -19 -11 28 84 7 89 76 -4 19 52 22 -35 -76 -12 85 39 -24 58 -5 2 23 96 33 -96 69 94 -18 9 81 75 97 43 71 -97
80 88 11 87 40 4 -79 69 -11 81 -16 -54 -97 18 -87 -69 45 -90 -99 -56 -28 47 -64 -21 -26 58 -19 40 60 47 24 58 -92 -72 -82 -67 31 -50 -27 -82 50 23 14 22 -44 -64 -11 -59 75 -69
89 40 -98 -58 -56 -54 54 -62 49 -25 -69 -95 -90 -53 26 -2 25 -66 -35 49 69 74 -66 77 3 34 11 -5 -87 76 -61 93 47 84 -31 4 -69 -32 -18 78 22 -23 -70 -79 -97 -26 -83 -90 -86 36
-10 60 -88 -65 99 65 -41 -25 33 16 -39 45 83 4 -35 12 94 75 -84 75 -41 -2 -78 -24 14 -16 -16 42 -75 -46 71 79 -63 -49 -84 80 50 -53 1 50 -65 -38 -10 -46 -41 -70 41 -58 6 -19
-28 -18 -60 71 41 -36 78 35 -18 -90 15 -37 32 -69 15 40 -83 -5 -47 64 -24 84 37 -92 -77 -11 -7 -13 60 48 -62 -43 -19 19 3 80 -37 -74 96 -67 -70 95 -41 -50 95 -75 -89 -57 2 -37
-53 -58 82 68 22 64 60 75 -17 41 2 13 -48 0 58 26 -39 -3 -65 82 93 -31 -89 -95 34 -49 58 52 -36 56 38 -8 -47 56 -28 46 64 5 -38 -10 75 96 -36 20 55 -62 -13 -23 40 -4
44 -8 -13 -68 90 55 68 -47 70 59 -6 -31 25 59 -41 92 -68 -28 -16 -23 35 -86 -66 14 -25 88 33 -66 29 6 97 -82 8 -5 76 58 16 42 -64 -91 -61 -92 -28 -50 -59 81 -2 58 -17 -71
-44 -46 40 47 -12 88 5 -53 -10 -11 27 55 52 26 -69 -25 58 60 94 5 83 -92 15 90 34 -59 -6 42 -56 -56 96 -67 41 -47 33 19 -51 71 62 76 -65 -8 -53 -80 74 -92 2 -16 -21 -79
-16 88 98 46 -14 20 -20 12 24 -45 51 -59 -64 -16 -4 70 73 -52 -85 32 40 12 83 -19 48 -17 -66 -20 80 8 34 49 -55 11 15 -80 -79 -43 42 -15 77 59 42 -91 7 -70 80 82 -42 59
34 -66 97 -70 93 -34 26 -79 11 -88 -72 -86 30 -56 -77 20 27 -33 -86 40 -5 50 1 -22 74 75 -45 88 -58 -51 -84 65 37 92 61 -2 48 97 40 47 22 -11 -18 -50 -33 -93 -29 -51 53 -26
3 20 78 14 -87 -96 -33 -42 -20 -30 -93 18 -32 -69 57 -54 31 84 46 58 -24 -48 -86 -9 25 40 65 53 88 56 -15 -36 4 -76 57 -98 12 -76 85 50 -41 -6 43 73 -98 -14 10 70 -66 -6
-70 29 -75 -24 -60 14 17 4 51 22 6 9 62 23 -91 28 2 -69 -99 55 59 -28 60 -20 43 -37 63 -81 -17 -79 92 -58 -24 44 -74 46 -18 -95 16 -64 -85 0 69 -91 -63 21 -75 5 96 51
71 86 -8 49 -89 -84 -22 -94 -74 -1 -4 -85 -44 -30 -72 -95 -48 30 52 -64 -84 -2 -56 90 43 -9 -6 1 94 -47 83 96 -96 -70 86 -56 53 -66 -41 81 47 22 -26 -58 -10 22 -1 84 -31 -83
27 -21 -61 -88 79 24 -5 -64 83 35 98 15 31 -34 -70 -47 -33 58 -37 12 32 62 -34 8 -90 36 92 -82 49 30 39 6 24 22 58 -33 -44 -10 36 56 17 -21 73 -9 58 48 29 24 86 -20
-44 -85 66 35 -68 -86 -13 78 -63 37 84 -75 -65 15 -42 87 49 -28 -64 -72 91 71 -46 -96 61 -56 -73 -93 -98 -67 -70 60 -28 -13 -20 -41 -76 -81 94 -92 82 72 -47 -20 -29 -35 65 75 46 -60
56 66 76 48 -31 61 -94 55 8 95 93 91 78 34 -60 12 11 -36 23 -58 89 89 -64 87 57 -73 79 21 -82 -69 43 1 -87 -2 75 52 -24 -80 1 -25 -84 52 65 61 -8 -19 35 63 -68 -83
-4 -67 52 -18 -71 98 -91 -30 -25 29 45 -89 -95 -79 67 1 -62 -32 -18 12 -99 53 21 -71 89 67 -8 15 -11 -27 2 14 -80 89 -60 3 -56 -60 -7 30 20 67 -91 -40 -32 -18 21 85 25 -19
96 -84 86 -97 -36 53 -22 -91 -64 -34 -25 -46 -12 -80 -81 -20 -25 -33 -75 83 66 95 -43 72 -38 76 -62 -31 -34 8 -95 -17 20 84 -51 75 -27 -76 -29 -77 -48 6 74 -52 4 15 54 -95 7 -89
21 -3 -43 61 -94 69 -78 88 -64 -7 35 -42 -41 -42 -93 52 6 -52 -77 -99 -10 93 -18 76 -54 -1 4 31 52 99 43 37 -52 86 -79 61 -46 -58 41 98 -25 -65 91 -8 -15 73 35 6 -56 -17
69 2 -54 -1 75 -90 -87 -52 27 63 -34 -58 -76 23 -42 -62 -92 -29 -19 -2 20 -36 -61 -16 -58 94 -75 60 44 90 70 -37 -40 -37 -13 -91 -51 97 44 -19 43 51 -14 75 63 -39 96 75 -12 -72
-64 -14 56 98 -56 87 0 99 27 24 -34 39 -35 94 14 -52 -36 -71 -2 28 -5 55 -38 83 -28 52 95 -17 57 -23 -57 59 56 99 -33 -16 36 23 -27 -8 -69 27 23 -89 -88 -35 54 -13 -64 37
35 -41 -85 -29 -18 -13 11 -57 50 -87 -3 -14 -46 -64 71 -62 45 99 20 35 31 32 -13 7 86 -60 -13 -68 -29 -81 0 59 -39 -7 11 -43 89 -25 -6 8 -14 -64 40 -14 24 -32 -45 27 -24 -41
-58 49 49 -5 -64 -66 -96 -26 -45 -50 99 15 -53 -9 -16 52 47 -20 62 -41 -91 -88 -2 94 4 -79 -53 -92 21 57 52 -61 86 97 -54 -31 20 94 -22 -88 98 49 -17 -57 47 -70 84 63 -97 7
24 12 -89 -3 37 -21 91 -65 -56 -82 -61 -57 31 59 -24 65 4 -70 60 69 -97 -93 36 89 56 -85 41 -72 54 47 61 -48 97 59 -43 70 62 8 -80 54 -2 -22 21 -18 -94 67 -19 38 56 -66
-58 -53 -32 -23 32 50 70 13 70 -23 31 -6 60 -79 -45 92 32 -35 48 82 -18 29 -20 -1 33 41 69 -83 7 54 -71 86 38 70 -21 -34 37 14 -75 4 -81 39 -37 -67 40 81 -72 -8 -95 -8
21 -43 76 -15 22 20 -13 -86 72 11 -27 60 44 26 85 -12 -93 35 39 -4 20 -15 17 -81 67 39 -94 25 -35 84 90 66 11 28 76 -5 -4 -64 0 69 40 48 -12 -27 -42 60 -32 44 -43 62
23 -36 -85 89 13 -52 8 36 41 97 -48 45 61 48 34 -62 33 40 -16 -58 -79 -62 64 67 -99 -62 89 20 37 94 41 -46 -24 -57 -12 -41 29 91 3 -26 15 7 29 -92 -14 -51 14 -12 51 12
94 34 -57 -32 -44 -64 16 -45 99 -60 -64 58 -89 85 -78 84 -21 -53 -88 -96 90 24 -84 5 99 37 39 -90 18 -17 96 50 -2 -48 35 -98 56 -29 -54 -86 76 92 -35 -10 -20 89 40 -72 9 -71
-5 -74 73 -43 -56 83 66 51 -83 -68 -44 -35 54 44 90 -4 71 -94 -32 30 -60 -1 62 -85 95 31 -66 -52 -34 -13 50 60 -78 98 6 36 58 12 42 42 -48 18 22 95 98 -54 39 42 -38 -1
39 -40 -9 16 -53 78 -49 99 -10 -64 -9 -87 42 64 -52 90 11 -68 81 -10 5 -91 -11 -85 35 20 85 98 72 -50 82 34 -24 69 97 -59 -76 64 37 40 -34 65 -65 70 -51 -2 66 -1 -9 -28
1 38 56 83 60 2 -45 -15 -76 -28 -33 79 40 26 12 -61 98 -1 98 7 81 7 48 -13 56 82 95 -72 -29 98 -71 -63 13 -64 -61 40 -2 -56 39 -90 36 27 76 -43 -66 50 40 70 84 -51
-18 33 25 99 70 91 -45 -70 -36 29 -49 59 -4 -27 96 40 66 -79 27 98 -1 4 -41 67 53 52 -19 41 -18 -47 -45 -31 13 81 79 74 35 -69 67 -40 -48 13 -50 -51 9 77 -25 77 -1 89
91 90 40 30 62 24 21 69 31 14 -47 -32 -70 69 -47 -65 5 -34 16 78 2 7 3 -15 -39 -18 -46 -37 -79 -46 58 -29 -14 -81 70 -85 81 -7 -80 90 -55 4 64 -84 -70 -72 49 -53 -55 35
-26 -22 86 74 -72 -3 89 -29 40 30 -99 83 -24 77 -39 -93 -71 11 59 67 64 -96 -47 -37 -6 -99 -29 86 15 -66 -81 69 67 -13 -95 -32 -82 79 -11 34 69 91 -69 6 -17 -93 -75 -53 -36 26
-84 3 -5 -70 -62 82 -47 -16 -22 0 -52 59 -95 -61 5 -23 -57 0 63 64 55 -36 -21 69 26 -35 -85 -62 15 -9 -89 34 92 -99 4 53 -19 25 -38 29 61 -13 -98 -15 8 -52 -69 -62 -82 15
-7 -15 -74 23 -98 -57 -93 -12 18 -70 -2 -86 -21 97 -82 -12 -59 -53 -67 34 28 73 -85 73 -67 -43 -85 96 23 60 72 -38 -72 -6 60 -56 28 -10 49 87 17 -59 70 20 58 41 -84 -35 -43 21
25 -93 25 57 25 85 -31 72 58 -74 -10 11 39 -35 24 64 -46 93 -46 -29 85 40 -36 18 40 60 45 -52 31 35 95 -89 12 -22 -64 -42 50 -26 56 -99 58 30 -4 -96 -91 -19 59 51 64 -11
56 3 -7 12 36 -48 -5 -36 -50 56 74 -82 -22 -12 -47 12 65 9 -8 -52 -83 -6 82 -36 14 -34 87 65 -68 -33 98 4 9 31 25 22 97 -99 9 -43 90 61 70 0 6 68 28 -84 -13 51
8 -26 -8 35 97 98 -53 -22 13 60 43 -27 -25 -39 -36 8 45 3 73 -67 -21 -7 2 -70 17 -89 83 -57 77 81 4 21 -7 42 -76 76 49 54 85 -18 1 50 33 20 62 -7 83 97 36 -10
-10 28 0 51 93 67 -75 -31 -8 -24 -73 56 29 87 -54 65 17 -97 -51 52 -13 21 40 -7 -60 -35 46 -94 -47 24 -41 22 96 94 45 -11 9 62 -84 14 -53 72 -53 19 -1 1 70 -21 77 -10
-10 -1 -51 93 -32 28 -56 -38 -79 92 57 -13 -93 -43 10 -15 -63 -77 79 93 -98 74 27 -36 59 -37 17 8 -55 30 90 53 -29 92 -6 81 -23 2 -20 59 24 -16 11 -72 54 47 -39 5 -83 79
-82 -58 16 31 -98 -67 -93 -95 -95 -27 -50 -30 19 -52 -90 85 69 -87 41 50 71 -48 80 -20 41 -53 48 42 34 78 -49 31 -77 86 61 87 50 5 0 -9 -39 -3 -56 -5 -33 -78 -2 80 -37 -11
35 -54 37 -58 74 -17 -63 -3 71 -70 -92 -72 -13 -92 7 70 44 -58 -47 89 -75 -55 30 9 56 -23 -25 55 16 -81 12 42 3 45 -10 -4 55 2 -71 -30 -84 99 37 36 -83 57 40 15 -42 -92
-44 68 7 65 80 11 7 -85 -73 -73 -34 -25 -9 25 -37 39 -82 -70 -80 -46 -26 -37 92 -15 -26 -83 -13 85 71 80 -64 46 -67 -59 -57 8 94 -97 68 -51 43 95 -74 19 -93 88 -62 -4 -91 21
77 79 -76 -74 -57 -55 84 74 -30 12 -52 -66 -9 81 17 29 -69 -78 -11 59 -76 -17 -83 71 17 -32 61 0 -68 -58 33 48 99 38 7 -28 -32 38 79 -37 -2 16 34 -89 48 22 17 -31 -37 2
-58 -47 9 -54 20 12 -26 -54 1 -41 21 95 -86 26 -67 -6 81 -88 36 -18 -7 45 -79 58 70 -78 -94 -22 68 -42 -22 84 65 6 16 -8 10 -37 73 -20 -21 -14 92 -40 26 -96 -75 -35 28 -73
77 -92 -25 59 39 -48 65 80 19 50 63 -16 -38 13 33 -57 95 -87 -90 -17 69 -54 -48 -82 10 62 -44 -28 -11 68 -45 -82 18 70 -25 66 28 81 -78 -24 -54 46 -39 -61 72 -68 -1 -57 2 14
22 23 -50 82 30 84 67 55 -75 25 -86 74 -77 -19 22 98 67 -92 51 59 44 -85 33 26 92 -67 96 30 99 -13 41 -31 -18 84 -61 -50 91 93 -34 -99 1 13 -47 11 89 38 48 -82 13 70
