-50 4 82 85 -74 87 47 -47 -3 83 -7 -64 -56 49 97 11 25 -6 83 -77 45 -57 38 14 -90 71 40 1 -18 86 54 90 -60 -16 22 -96 31 37 -14 20
54 -58 19 -15 13 -63 12 34 29 19 77 -25 25 32 -94 -18 -12 90 -26 64 32 95 66 -43 -99 52 96 11 -8 0 -33 85 62 -53 -7 -4 -97 51 16 99
-12 -93 25 75 69 -67 -34 2 -90 6 94 30 51 48 91 69 5 -17 23 -68 60 70 -64 -38 12 -42 -80 -7 19 -58 90 -2 87 40 19 -79 -36 -30 -72 -71
-13 98 -47 -51 -87 72 -92 77 13 55 -88 95 -92 65 7 -46 6 49 -61 86 48 50 14 -83 72 40 97 -98 -32 18 14 5 31 -34 -77 -47 -61 -61 -70 -32
2 85 -63 -36 -95 16 69 -49 -66 -84 14 -58 69 -10 -34 -89 -27 8 -12 -99 -57 70 27 16 -77 -88 82 -53 76 68 -43 -85 1 90 -88 93 73 68 94 -92
69 -77 78 -55 -66 -49 84 71 -7 -69 43 19 15 54 4 92 -45 -2 16 -20 -83 47 -35 34 -51 95 76 -37 -4 34 -78 -53 -2 67 10 -83 26 -14 -56 52
-35 96 77 1 -22 2 -29 -73 -29 -51 -24 -30 13 54 44 -53 -5 8 -58 -58 91 -20 -18 -24 -87 -50 15 -27 -34 87 -46 -10 -18 35 -69 -85 -14 79 93 88
23 -34 37 63 -27 -26 3 -5 96 -5 -4 7 84 89 26 53 14 23 -33 -68 -88 60 -27 -63 -99 4 -15 -43 -47 40 -52 57 -95 -91 26 97 94 -41 -87 65
83 84 -92 73 -5 -72 -97 -13 32 -74 22 -43 -33 39 45 -15 -98 11 -39 -14 36 17 -27 -88 -11 -45 83 -75 -4 29 50 -57 60 29 83 -22 81 -54 -21 -12
73 -84 -57 3 83 19 9 -45 12 61 -86 87 72 -88 63 -54 42 43 -33 -81 -2 -24 -55 31 -17 -7 74 -81 -27 -96 99 80 -48 4 -34 34 94 42 48 -30
-3 48 -76 70 -30 77 26 45 72 17 8 3 55 -77 10 -89 50 -56 -41 29 74 24 -4 57 -75 72 44 5 90 -41 -7 -65 60 79 75 60 7 86 65 -53
-29 45 80 -46 -17 -82 5 -43 76 -46 67 -24 20 55 -27 -42 -78 -4 96 19 -81 -2 -58 -44 8 -62 -63 -97 7 -41 -48 63 -36 -58 68 68 -88 41 24 -48
77 -90 88 2 22 -19 56 -33 -39 49 56 -6 -28 -90 38 -30 98 -78 8 -69 8 -72 -86 -22 93 -47 76 38 -17 7 52 52 8 -83 -95 39 -50 -73 -67 34
-13 -80 31 71 51 -57 -70 58 32 -5 -79 -10 -99 -69 86 9 -65 -33 36 -7 -72 59 -73 41 -16 58 -4 58 -91 37 -19 -49 65 -73 74 -48 -75 7 -61 0
59 -61 -70 -19 -88 20 83 -43 -87 -51 74 -24 94 -8 -25 63 -72 -27 -85 -63 84 -50 -68 76 -24 26 50 54 93 -92 70 16 -87 5 -49 -91 40 -71 38 32
-72 -18 47 86 62 -8 80 8 88 -41 -71 -66 -53 -31 8 3 72 -68 30 -18 52 2 -43 0 -62 -79 75 38 78 97 -50 -75 -34 -87 2 26 -88 4 50 92
-74 -18 -2 32 -78 1 -2 13 -6 48 58 -49 78 -66 -53 -50 -10 17 -56 -62 19 -55 -58 35 -82 -95 -43 70 -59 -50 48 -89 5 87 -36 -78 -26 55 -45 -11
-79 -52 -39 34 -69 -70 52 65 67 63 26 9 4 -82 -54 24 81 -47 -66 80 37 -78 91 -17 65 -18 27 -82 -12 -11 37 77 -74 2 -15 -56 43 34 -72 93
61 23 68 -52 -72 -4 94 11 -58 -40 63 -5 -60 42 -56 5 -21 -88 -22 -97 -29 98 -95 -89 -13 -74 -85 -38 -68 -68 86 20 -50 13 -12 -32 15 -64 -13 -21
-36 -69 -23 14 75 98 -19 20 -89 75 -5 10 68 -80 -72 73 35 86 13 -2 31 -89 73 93 59 -55 -81 14 75 67 -44 -33 -98 18 68 -94 33 -41 22 6
-70 82 -81 -31 60 -8 -70 -82 54 55 68 -45 -50 69 87 -20 85 34 3 50 -8 -22 -56 47 -74 7 43 -29 -41 7 -87 -56 -25 8 22 49 2 88 25 46
-77 78 -54 79 -24 96 22 -69 -35 -6 46 62 10 -50 -70 -16 54 34 97 16 -90 19 39 58 -97 28 4 -44 -95 -21 -71 -50 67 -32 -74 -53 -15 -1 84 86
-80 65 17 45 -5 74 78 17 -32 2 22 50 -83 71 47 25 -11 -15 -89 75 -11 -33 80 -75 -51 50 -5 15 -91 19 -26 -47 -4 55 -40 -48 45 85 -18 -94
-93 30 -27 -34 -18 -52 9 -85 65 25 75 -41 -70 -81 12 14 92 36 -51 68 27 80 43 67 58 -22 8 -20 -32 77 78 -35 99 -59 -40 25 31 -58 -82 18
30 8 -55 -17 -39 14 11 -83 4 -52 38 23 3 -99 -41 55 -38 -35 45 39 -8 3 -5 -40 17 -84 -8 -10 -50 -36 62 51 -26 83 80 -76 -85 94 -51 -80
-99 96 31 37 -39 62 -1 88 -56 -58 35 72 -19 88 -12 40 -2 -54 93 -48 -39 4 -30 72 -76 -51 -70 63 -21 96 -53 -4 -74 89 41 -90 -50 -20 42 -24
-35 5 32 87 32 56 76 80 -67 -51 54 -28 -96 -3 70 80 -37 50 -40 35 67 -29 82 -70 61 49 -38 17 5 -92 -90 -17 55 -32 99 -67 32 -89 -48 -5
-28 51 -31 -17 -80 18 -99 -75 -15 39 -44 61 99 67 -84 -53 -88 50 -11 50 -54 53 44 62 64 -80 -38 43 55 55 -6 -9 46 49 48 -91 11 -69 92 2
-94 -57 -72 8 16 95 26 6 81 -40 -28 66 33 86 -21 -40 29 -26 2 97 -8 98 -50 47 -62 2 83 -68 -8 25 -97 -12 -10 14 -28 13 13 -61 -89 -68
12 51 93 -26 -75 -27 -5 -66 12 -19 -35 11 59 -61 23 6 62 -92 -96 4 -40 88 -55 50 -41 12 63 -44 32 38 -94 -92 27 28 25 63 14 89 -55 82
87 -39 91 -94 -80 -32 51 2 86 34 -82 51 28 58 -99 -65 43 -34 14 54 76 -28 -99 -78 75 36 43 96 8 -92 -87 0 67 -16 -90 -51 96 -10 34 20
-29 -19 69 -10 99 -73 12 67 -74 77 -86 88 93 -93 63 86 -26 -79 12 26 5 -41 28 61 -96 58 1 10 -40 -12 42 76 -62 16 -40 91 42 39 30 -32
12 25 -64 -62 -79 -36 -84 -31 32 -59 -56 80 -16 69 8 -90 -59 -97 92 66 73 65 43 -38 -63 -4 13 60 -30 -72 -47 -42 89 55 -98 -71 53 33 8 -10
-11 -89 72 -19 -10 34 -89 -9 43 -17 41 5 -99 25 -79 -92 -47 -37 62 -59 -80 -70 -10 -95 56 84 -52 89 -11 0 66 -33 -52 83 -67 -99 -16 -32 -46 -40
-39 27 17 -94 -80 -94 -11 -73 -78 45 74 -38 28 -93 39 -99 -60 22 -25 15 -30 -14 -96 -92 28 -34 95 5 93 -26 62 99 20 -51 70 -97 15 1 48 74
0 -96 91 -50 94 -29 29 89 -41 93 -69 -60 60 -7 86 36 -74 -28 -19 -52 70 -5 28 53 -97 51 34 40 33 25 97 -77 -73 -3 -8 19 68 10 -50 -72
-48 10 -86 -43 55 -98 72 -47 87 93 42 9 42 -83 45 -7 56 0 -62 -21 14 -74 26 -10 69 73 22 -90 26 -65 10 -74 47 -38 24 -36 90 -14 86 42
96 73 -25 24 23 6 28 80 69 19 90 -75 -40 10 -7 -44 -90 -79 22 63 96 64 72 -41 86 47 -42 59 38 48 61 -16 78 21 -79 78 46 97 64 2
6 6 -67 42 26 64 -55 -75 -43 -19 29 6 65 -63 -68 -23 -45 -74 22 -79 -82 -69 -12 -3 22 40 6 62 -36 64 21 17 19 30 -12 58 -9 -1 -50 -34
35 -13 99 -18 1 12 64 -89 -64 59 -53 -24 -48 51 -74 -20 63 -3 -68 56 23 93 43 -47 -63 54 -6 -30 84 63 72 -73 77 -6 79 57 35 -4 0 60
