-24 -94 26 -96 38 -37 -62 64 29 -61 -97 10 89 66 -42 62 -29 55 -57 -62 75 -37 45 29 -50 -69 -38 89 -39 -61 33 -56 -18 -65 -38 -73 -54 -3 -32 -93 38 60 19 34 73 28 76 81 60 82 3 44 -33 -9 27 -96 -39 -95 97 -83
-43 -75 -53 61 -76 29 80 0 -87 -83 -99 56 -30 -26 -46 -86 77 -20 -22 47 -22 93 15 -24 40 6 71 7 -19 -50 8 64 79 12 93 93 -76 96 -77 92 -28 -94 87 -59 83 -66 70 2 -11 -57 8 -56 -52 -89 17 39 -82 -58 -44 57
-15 8 -31 81 96 96 62 98 83 46 -30 -83 -96 8 90 0 58 -32 51 6 99 61 88 -75 31 7 -22 21 -27 -93 -38 37 14 -78 89 -24 -35 58 73 -87 -25 -79 81 -84 -32 -12 -13 59 -8 74 18 65 -57 88 73 94 -18 40 84 93
31 53 53 -33 -63 -42 -63 -81 44 75 81 -79 40 -47 -68 -13 71 -5 65 -64 -87 44 84 -65 95 -94 -91 78 55 -33 57 94 -20 -60 93 -33 -50 -75 -56 -38 88 -17 62 35 -16 -13 92 94 -80 78 60 69 -85 -35 -43 -9 73 -91 -11 29
-52 -30 -61 34 89 72 -71 -97 20 53 1 -99 -47 1 16 88 4 -61 -62 -93 7 -2 39 -36 -68 -46 -23 -81 19 -61 -83 -47 45 -24 -76 89 62 -17 69 -38 8 -85 -32 -86 47 -83 -67 -78 36 80 19 -53 93 -77 62 29 -44 91 -61 -54
73 -94 -62 84 -27 -36 7 51 84 -17 20 -76 -48 -1 81 56 78 97 4 85 -23 40 7 -10 57 -82 -46 -68 -57 16 -41 47 64 -31 -92 -43 -30 -39 28 -68 -48 55 -6 -58 -79 72 23 -91 75 55 86 -92 -53 -91 -79 -55 52 -66 89 26
-26 -63 -10 21 93 -28 -94 54 -7 88 54 -10 47 -75 13 -43 -18 64 -3 14 -6 37 -96 43 -42 -80 23 67 -58 -56 -68 0 16 88 -84 85 57 -46 70 10 2 -74 -49 81 -81 36 -81 -56 -15 79 27 -1 41 -82 -44 -15 62 60 97 96
-83 -64 -60 15 -47 10 -63 -86 -25 89 -73 -67 -18 -80 -49 -92 55 19 -76 -17 16 82 -66 30 -22 -28 25 -35 78 -42 25 -22 50 -12 54 48 -56 -44 -41 98 -13 -66 22 -50 -67 -72 65 97 55 71 -60 16 28 99 -67 14 -57 56 52 -33
-41 42 47 -30 28 50 -76 54 65 69 -32 42 -35 26 48 57 -77 43 65 13 28 49 -54 -98 -52 -70 57 -1 50 -51 -91 50 28 23 29 -95 64 -25 43 -13 -86 56 2 36 -22 16 74 59 -69 -92 93 -3 91 9 96 3 -35 -90 30 58
89 32 20 71 -56 96 20 96 4 94 -85 -36 34 51 14 -38 49 -95 75 -47 -96 30 -80 41 -34 17 -35 85 -79 -94 -74 21 18 -39 26 61 -95 74 -52 -96 -4 24 5 -45 70 -91 -97 56 -29 -78 12 88 37 -9 14 89 9 90 -77 -7
-55 34 21 -38 34 -43 -24 69 -15 -59 70 -30 -2 -31 38 97 -50 79 61 38 79 -87 -32 -85 89 50 -80 19 -16 -16 10 96 -84 71 -94 81 -24 37 -51 74 -71 59 18 -56 47 81 -81 -57 43 -25 16 7 4 25 77 -30 13 -62 54 34
-2 73 -4 83 -86 94 26 -82 83 32 58 -96 -30 59 -26 18 48 90 8 -61 -31 96 -48 -1 9 -48 -20 -23 -12 -26 61 -69 48 36 51 0 -52 39 65 -94 72 -89 -4 94 -34 -86 -38 -36 64 53 61 80 50 -35 -4 -11 64 52 -9 -23
35 96 62 41 40 76 77 19 77 -81 91 89 -97 98 58 -98 -82 22 94 -39 -48 -65 -71 82 -40 82 -36 88 20 -1 60 -86 51 -79 -47 -97 60 -75 61 3 -96 92 73 63 -15 -96 -9 52 -76 62 42 -97 46 36 82 -60 13 -47 -8 59
22 -74 59 38 -20 91 8 7 50 -49 18 -6 -34 -26 -46 9 5 -46 76 -29 -55 -79 37 90 -46 5 -15 19 56 71 1 60 33 8 92 80 2 -30 -5 -18 -90 20 -22 64 -89 96 72 -97 -32 86 -15 -37 87 -90 27 -13 68 49 -93 -9
-71 -62 -19 -38 72 83 23 26 35 -37 -39 -10 28 34 -46 -38 -43 7 45 36 -17 -5 65 -81 92 35 -43 -51 85 -14 70 89 73 56 -58 0 -58 64 6 -21 -22 47 -40 42 28 0 -17 -31 14 -48 -44 82 57 -15 85 -30 52 -12 -62 2
-90 15 98 -12 -30 -43 23 26 49 -45 48 98 97 -70 3 -47 56 77 66 14 64 88 76 91 -47 16 -87 82 -68 -36 -90 -14 98 -9 16 -80 12 -20 -35 52 -48 46 48 -53 77 88 65 -67 8 39 -75 24 33 -23 5 -24 64 46 -88 -52
10 -13 -42 -41 48 -45 45 -66 -91 -14 -61 -48 91 -38 53 -79 -27 -82 77 50 48 40 91 -26 -2 -6 -84 14 -76 -8 85 -89 97 -21 39 42 67 32 -8 -3 77 40 36 -95 22 -99 -37 -97 14 -10 6 81 -81 -90 -85 24 53 71 23 -36
-82 20 27 -81 53 -78 -51 -14 -10 -98 53 -26 83 12 -61 63 0 35 66 -25 44 -93 17 -35 -6 70 -21 87 12 37 2 -73 88 31 20 70 54 -29 -75 15 11 -48 -21 99 -9 -67 -32 -36 12 10 -4 70 97 -62 12 17 12 23 -33 -67
41 75 -1 -38 -49 -72 61 -47 98 -8 -74 -26 -38 -88 15 5 -28 25 -76 -57 9 6 34 -80 -67 45 16 -19 65 74 4 4 -62 -81 -42 22 88 84 -18 22 78 5 -51 13 -68 0 -63 67 -83 69 -74 73 47 -81 55 -6 -88 86 54 -24
-88 86 46 -66 78 -72 62 -21 90 -88 86 17 -47 64 -35 -71 -32 63 -2 -55 60 56 -63 42 -1 -79 -69 -4 91 43 -3 -14 70 23 85 -75 -5 -44 -49 84 -8 62 -10 27 80 68 -30 -48 -4 33 -58 62 -96 -71 -59 61 -16 -41 21 -38
56 14 23 8 -55 -95 57 -72 58 77 63 -73 10 -91 93 -3 84 73 60 -25 62 43 31 43 -4 81 96 19 -96 -36 -67 33 53 71 -27 -36 -35 92 79 -54 65 -54 40 82 -40 54 79 -69 82 47 -32 -21 51 86 -49 -20 48 55 -28 93
79 -77 -50 53 93 -6 5 66 -23 36 89 90 -77 38 -76 -29 8 11 65 -67 61 -17 -75 36 41 -13 41 -93 37 53 72 55 -24 -47 72 -86 28 -68 62 24 -96 92 -22 53 -90 -8 52 92 -7 -5 -83 -20 75 87 -26 -72 -58 -78 -38 93
-46 -56 -73 2 16 61 33 81 69 53 -65 -25 82 20 43 85 34 7 59 40 -74 17 -44 -1 -31 88 -15 72 89 59 -89 -91 -23 -52 54 85 -64 94 74 -36 60 -97 -5 66 -27 62 -83 -36 -30 91 64 -69 36 -70 8 -13 -71 31 -60 -62
-65 94 45 47 -94 33 57 21 6 11 -24 -21 -49 -32 59 42 2 24 -5 7 16 -22 57 39 -61 -17 -18 34 -2 3 -24 -46 -59 -87 38 -43 -65 -85 -19 -84 55 -76 -40 47 -66 80 -26 -52 87 39 57 -29 -71 -81 26 -1 28 -17 -61 58
97 -58 -58 70 97 67 -37 -2 -99 0 -52 -39 65 45 26 84 -22 -60 -23 -62 -82 -18 12 86 93 -12 2 84 -2 -52 -96 63 65 -78 22 -70 -11 35 -9 -70 78 2 -6 2 -73 90 65 -85 -89 -68 -6 -50 61 -30 13 -36 -34 -81 57 -44
-30 48 -7 -56 93 -35 76 -82 -84 66 7 7 52 -39 -24 -10 11 20 25 -40 -34 -8 62 92 -50 95 77 -36 68 32 24 -84 -55 -85 75 -54 -69 -32 72 -3 -28 -43 -43 17 65 -63 -97 36 -88 65 -77 49 -21 19 21 -52 26 30 -36 -83
99 28 64 -12 99 -38 40 -3 -58 83 -50 5 26 10 87 -85 87 -80 31 -96 71 3 64 66 -48 -55 8 27 76 76 -45 13 71 41 21 47 -62 -82 10 44 -52 -36 64 -91 51 -51 -13 0 -82 -45 88 -43 -88 95 -87 -33 4 93 -39 40
-19 -51 -93 39 11 51 30 -77 -91 58 53 -64 55 24 38 23 4 66 69 84 17 82 3 11 77 -95 -98 99 -76 -87 -17 81 99 -5 68 -80 -56 -29 -84 -94 79 47 30 -44 -48 58 -93 -54 -21 30 92 -79 -95 -61 81 -90 -11 -68 87 -78
96 -83 -6 26 30 1 62 -53 76 -41 30 50 -89 10 29 -38 48 21 -47 -35 1 -58 40 41 -73 -68 -39 99 -13 -23 15 -75 27 32 71 -49 50 -31 90 -59 26 -91 -51 -15 -54 -6 78 -72 38 88 72 -51 12 -63 -96 74 -24 -89 -36 89
73 46 49 -26 38 -22 60 -43 -34 -83 5 40 18 22 -30 97 89 -66 -17 -92 -15 32 54 -93 -67 -97 -1 94 33 -17 -78 60 -65 44 -70 59 -96 -34 77 -30 -94 80 -5 47 98 -67 16 -45 -15 58 -55 -62 -48 -16 -27 -6 -49 26 -13 60
80 24 50 53 -1 47 -51 -21 -32 21 96 -23 2 -2 -71 -45 -46 -11 -85 79 68 -47 -54 -44 36 -59 73 -11 -1 -5 6 -93 -22 -51 36 -8 62 -89 -48 55 -3 92 46 -75 91 32 -46 -62 28 47 -82 -96 24 27 -94 -90 98 87 -37 -50
73 -53 -2 45 71 57 84 -29 39 57 72 -50 47 -54 -75 10 22 -77 -64 -7 90 4 90 -91 -76 -28 11 89 -7 39 90 -79 -94 -89 43 2 -27 -25 80 23 33 98 79 -91 -82 -54 5 -80 17 20 -3 19 -31 -25 -96 35 -53 80 63 96
15 -5 -59 54 -30 -35 -78 80 40 -61 4 85 43 27 -74 -15 -7 -76 -30 21 -65 -35 -28 41 -56 -84 55 -68 9 20 31 -53 -42 -94 83 -17 99 -82 -86 -11 -94 -80 95 -88 -96 -72 -43 89 -28 93 75 -3 -28 75 5 -73 -54 -24 -98 35
-27 37 1 9 24 54 -16 -23 -85 95 -83 -47 25 -60 -13 -60 -2 -38 0 -30 56 86 -47 -5 70 -66 -20 14 85 66 -7 15 -73 86 71 17 26 -53 -67 -10 -66 -55 96 -88 37 -96 -58 -86 -29 88 -4 38 30 22 -96 -52 -36 -14 -80 22
-23 54 -84 11 -97 30 7 45 62 68 -84 -95 -50 -60 95 55 31 44 78 -61 -97 -35 84 78 79 -11 -34 62 -47 37 79 -11 -60 -87 28 52 56 -87 -81 -72 7 49 75 61 3 67 35 -73 -20 -58 -9 10 -61 -50 80 -86 36 60 -61 53
-53 29 98 3 -84 17 -41 -10 17 -5 13 -27 19 71 -67 88 36 86 -94 81 55 37 -52 51 -15 39 58 -86 -91 -23 -82 -65 22 -5 -45 18 -12 -3 -76 96 -36 39 77 -59 67 27 -96 62 -35 -47 45 -79 88 -21 -6 40 27 -33 -19 77
69 -97 -72 -20 -21 -22 24 -95 33 -38 41 86 38 -73 26 62 -24 -32 -93 -72 70 -99 -61 14 -35 98 -46 -25 -36 -76 20 14 -39 61 83 -71 -91 -1 -16 94 71 -25 -54 64 55 63 6 80 -20 26 17 -77 -93 41 -35 18 18 -19 27 -1
-33 -40 49 54 -67 -45 97 -86 88 -4 74 46 -47 -67 -33 -26 -40 58 98 49 18 -4 -10 82 -22 -70 64 -54 -65 97 47 52 36 39 7 87 -11 26 -18 23 55 -38 -6 -27 16 -23 -3 -15 48 67 -48 -26 -20 3 -15 79 -35 13 22 68
4 -40 -8 -60 -60 -79 37 -76 -31 -78 -62 64 -41 94 -2 99 13 21 38 74 -7 10 51 61 -70 44 -57 -21 -61 -22 -75 96 5 -63 -85 -63 -42 97 13 -72 39 -15 49 3 -98 92 53 45 -63 -5 -57 -51 52 -87 98 35 -75 41 99 -94
13 99 68 35 -56 -72 -97 -20 -61 51 74 14 -1 -36 -93 -43 10 -58 -69 4 68 88 96 -47 69 35 70 75 24 0 37 90 19 -68 -63 56 -94 -45 31 96 -70 97 71 -92 57 92 60 58 -59 -25 0 26 40 -66 85 -7 -55 -97 45 -30
-15 94 33 -28 56 82 -39 -87 -93 45 -12 -98 -97 -58 79 38 17 -72 32 -36 49 -6 69 -73 1 93 -91 41 -68 21 18 -76 6 56 43 -21 -70 97 86 72 76 -82 76 64 33 -1 -96 -35 72 -31 -95 99 -65 5 22 79 93 -21 -11 85
82 15 -85 -24 -44 41 55 -27 26 0 54 99 7 1 -63 36 -40 -69 98 35 86 17 30 96 28 -41 -96 14 -8 15 -86 5 -18 48 -97 -96 -44 -23 65 7 -41 55 -19 25 -2 -17 -72 -7 25 94 17 54 91 -67 -35 75 52 -17 -93 -53
-96 56 -1 97 -76 -95 89 -66 94 82 43 -20 68 43 -24 47 -72 -99 26 54 -82 41 96 60 -79 -60 60 -73 -58 89 0 84 -27 82 -94 75 -25 -55 30 -76 -42 46 -72 68 -56 -4 21 29 -31 -10 11 56 -39 -71 -36 27 -83 -57 -16 -80
99 -40 66 97 -58 -26 -15 28 -44 54 -35 -8 99 4 90 -81 23 8 46 -72 -75 -45 68 62 -49 -77 95 -95 -2 -68 -15 73 54 -76 -20 -72 24 -49 -23 -48 -82 58 -83 62 -49 21 71 -23 98 -46 64 -85 -94 29 -51 -57 -11 -63 59 -80
39 -81 -38 -48 -40 13 60 40 -44 19 53 -51 38 -81 -24 -65 24 27 66 8 32 37 16 -94 -65 6 -46 -27 -60 -71 -37 63 2 -27 -84 -45 -28 -13 57 77 -22 62 -87 -84 -70 -9 -94 30 -33 -90 -87 -86 -38 -40 -83 -6 49 -93 39 93
17 25 -39 -28 52 75 76 -58 99 79 23 -31 -51 -4 -86 -57 90 -74 81 82 84 -4 55 43 -73 -18 88 -10 -54 -10 -3 -35 95 -49 -70 57 -21 18 -65 -24 -47 -30 -8 69 5 -35 41 -38 38 -90 70 68 -57 88 -85 -6 -73 -68 40 -51
14 72 10 60 49 10 60 -3 -56 62 37 -67 -7 60 74 -86 -65 -13 -99 23 -55 36 96 90 61 27 48 -97 24 -31 -97 99 17 -86 -73 9 84 10 -29 58 -20 73 -8 -9 -38 -80 46 93 -84 -18 -56 -78 -82 55 39 -88 -9 -34 -77 -91
72 2 19 -57 98 -19 63 43 -76 9 53 -50 97 -42 79 -70 -24 79 82 -16 58 13 65 -23 70 14 11 44 78 -80 96 -66 43 -9 -97 57 4 1 42 -75 -68 -54 -33 -47 -33 -55 -70 -66 51 37 24 37 -62 -56 98 16 -77 13 -99 65
-65 84 -33 -27 32 38 99 -43 -17 43 44 66 -30 -43 60 3 -3 -24 61 -25 66 2 -52 -9 36 83 -58 27 -99 36 -84 3 61 -94 94 -34 -45 -34 -71 -71 -48 -64 9 -8 -70 -63 -70 -51 -70 85 -87 -94 39 41 55 -32 87 97 -93 30
-29 -39 56 9 -30 -82 -34 73 64 -66 96 -33 -61 85 -46 -69 -90 -64 -31 -81 -29 -26 33 76 4 64 -87 90 22 -24 -47 95 -86 -31 48 -48 90 -43 -88 -81 32 -51 -2 51 35 -98 -23 37 56 62 -27 81 -72 80 -75 66 4 -79 -91 -63
21 59 -36 -39 -62 -44 53 31 52 9 16 72 -71 -77 -87 -93 0 -7 -47 -46 -73 -54 78 62 -20 69 -51 51 -42 21 -69 71 54 43 -46 -22 -38 22 85 -73 -81 -93 62 66 -7 -22 -87 -61 -62 -56 -36 41 17 -53 -31 -45 71 52 -40 20
-2 -80 10 78 -47 -17 4 23 -21 -53 3 -64 82 8 -89 -31 -5 84 51 -19 -25 -13 69 -69 -63 -81 -71 42 -7 9 1 -91 -91 -46 9 87 71 51 50 -9 -67 92 9 73 76 -73 -58 33 -8 10 -60 -44 -17 97 54 33 -97 -24 75 -54
-75 -86 -12 83 27 92 -48 -4 18 91 49 67 -63 -79 -88 59 -22 98 18 1 30 51 83 28 55 27 56 -17 -58 92 98 -98 71 37 86 66 25 89 -97 29 25 -37 22 0 -19 48 2 -25 -96 -84 -38 -57 -94 -14 80 17 -89 68 -46 94
66 34 62 84 19 -12 -71 -8 -88 -31 -71 92 -81 -94 -95 0 98 -91 2 -25 69 10 -68 -13 -50 -19 -74 -28 5 54 -74 -38 -57 15 -71 -64 51 13 -20 33 -66 96 -63 33 -32 91 -97 0 0 -44 -84 53 90 -15 25 -41 8 -1 82 -53
89 -56 -70 -14 21 87 75 -80 81 -42 -21 -61 -12 -91 -81 52 10 14 64 84 -27 -98 -59 77 -68 -52 -86 -85 -73 72 -44 17 -35 -75 -36 83 57 77 -61 -8 -64 -25 -29 84 27 -80 -53 42 31 -12 31 13 -41 -87 -19 49 -90 74 -63 -38
70 99 43 -75 15 18 17 57 -58 29 -71 -58 -21 91 80 54 57 -4 -53 63 50 -41 28 -35 41 72 -13 -23 89 95 55 -41 19 23 16 31 86 60 -13 80 -30 -2 58 -26 85 -22 49 21 86 59 24 -24 45 -82 22 -32 -62 -73 67 -54
46 -32 -83 -81 98 -63 -87 99 72 8 32 -85 -87 62 27 -72 34 14 -24 42 -35 -66 -92 77 -3 -47 67 26 78 -11 -11 -97 50 -35 27 -41 -30 -36 83 -81 -44 15 -5 9 24 78 -10 57 -31 -47 67 -60 -60 49 -83 -26 -11 -57 -70 -98
-23 61 -61 34 -18 7 10 12 89 -4 -1 60 -29 22 -59 24 89 95 -78 3 90 78 62 -48 -89 -83 -12 -58 92 -88 9 46 -66 19 -11 -51 -95 -70 88 -76 -13 -99 -47 57 -55 99 -37 -34 -78 -64 82 97 -31 -90 34 82 -24 -52 -48 51
-64 24 70 55 65 -70 26 46 -17 -54 64 -9 -53 89 -62 57 61 95 -40 -5 -93 9 12 -9 -75 99 2 -18 9 89 95 -87 -77 -44 34 0 58 4 -72 16 -89 -50 51 -62 14 22 41 39 23 -25 -34 21 51 40 23 -60 6 -89 -32 -66
89 62 -61 -80 -96 98 -16 -50 -76 -88 -29 -42 -26 63 -66 75 59 -68 -24 -44 90 2 29 -43 93 -2 -47 81 83 30 50 71 -63 97 73 -95 94 -4 72 -66 -37 -14 -16 -13 -59 -97 89 46 34 25 -81 14 -53 -80 40 52 74 61 -23 -48
